,open,high,low,close,adjclose,volume,ticker
2018-12-31,53.540000915527344,53.540000915527344,52.43000030517578,52.619998931884766,50.45315933227539,4108300,MCHI
2019-01-02,51.599998474121094,52.38999938964844,51.540000915527344,52.33000183105469,50.17509841918945,5273700,MCHI
2019-01-03,51.540000915527344,51.63999938964844,50.86000061035156,51.0,48.89986801147461,5205200,MCHI
2019-01-04,52.18000030517578,53.459999084472656,52.02000045776367,53.06999969482422,50.88462829589844,6800800,MCHI
2019-01-07,53.04999923706055,53.720001220703125,52.86000061035156,53.58000183105469,51.37363052368164,4869900,MCHI
2019-01-08,53.91999816894531,54.15999984741211,53.380001068115234,53.9900016784668,51.76674270629883,5193300,MCHI
2019-01-09,54.709999084472656,55.619998931884766,54.66999816894531,55.20000076293945,52.926918029785156,5413000,MCHI
2019-01-10,55.029998779296875,55.709999084472656,54.880001068115234,55.650001525878906,53.3583869934082,5387200,MCHI
2019-01-11,55.15999984741211,55.400001525878906,55.0099983215332,55.279998779296875,53.00362014770508,2988500,MCHI
2019-01-14,54.349998474121094,54.88999938964844,54.279998779296875,54.619998931884766,52.37079620361328,3316000,MCHI
2019-01-15,55.06999969482422,55.61000061035156,55.040000915527344,55.27000045776367,52.9940299987793,3613100,MCHI
2019-01-16,55.720001220703125,56.38999938964844,55.720001220703125,56.09000015258789,53.78026580810547,5601200,MCHI
2019-01-17,55.68000030517578,56.880001068115234,55.619998931884766,56.45000076293945,54.12544250488281,6630500,MCHI
2019-01-18,56.97999954223633,57.400001525878906,56.709999084472656,57.150001525878906,54.7966194152832,9746700,MCHI
2019-01-22,56.18000030517578,56.22999954223633,55.2599983215332,55.66999816894531,53.37755584716797,5015700,MCHI
2019-01-23,56.279998779296875,56.34000015258789,55.66999816894531,56.08000183105469,53.77067947387695,3333100,MCHI
2019-01-24,56.290000915527344,56.880001068115234,56.150001525878906,56.81999969482422,54.48020935058594,5210800,MCHI
2019-01-25,57.529998779296875,58.06999969482422,57.529998779296875,57.84000015258789,55.45820236206055,10608500,MCHI
2019-01-28,57.130001068115234,57.40999984741211,56.81999969482422,57.38999938964844,55.026737213134766,11184200,MCHI
2019-01-29,57.560001373291016,57.709999084472656,57.189998626708984,57.369998931884766,55.0075569152832,5331600,MCHI
2019-01-30,57.83000183105469,58.709999084472656,57.68000030517578,58.56999969482422,56.15814208984375,10403200,MCHI
2019-01-31,58.810001373291016,59.34000015258789,58.72999954223633,59.310001373291016,56.867671966552734,12018800,MCHI
2019-02-01,58.88999938964844,59.11000061035156,58.70000076293945,58.95000076293945,56.52249526977539,4206500,MCHI
2019-02-04,58.810001373291016,59.25,58.790000915527344,59.119998931884766,56.685489654541016,3000000,MCHI
2019-02-05,59.470001220703125,60.279998779296875,59.310001373291016,60.20000076293945,57.72101974487305,4077900,MCHI
2019-02-06,60.27000045776367,60.27000045776367,59.43000030517578,59.58000183105469,57.12655258178711,4407500,MCHI
2019-02-07,59.029998779296875,59.380001068115234,58.099998474121094,58.709999084472656,56.29237747192383,4338200,MCHI
2019-02-08,58.47999954223633,58.86000061035156,58.220001220703125,58.77000045776367,56.34990310668945,4471600,MCHI
2019-02-11,59.27000045776367,59.38999938964844,58.91999816894531,58.95000076293945,56.52249526977539,3372600,MCHI
2019-02-12,59.380001068115234,59.529998779296875,59.13999938964844,59.16999816894531,56.733436584472656,8323900,MCHI
2019-02-13,59.900001525878906,59.9900016784668,59.40999984741211,59.5,57.04984664916992,4980300,MCHI
2019-02-14,59.060001373291016,59.41999816894531,58.75,59.209999084472656,56.771785736083984,7886000,MCHI
2019-02-15,58.97999954223633,59.08000183105469,58.56999969482422,58.79999923706055,56.3786735534668,4874200,MCHI
2019-02-19,58.790000915527344,59.720001220703125,58.77000045776367,59.540000915527344,57.088199615478516,3993300,MCHI
2019-02-20,59.83000183105469,60.349998474121094,59.7599983215332,59.90999984741211,57.442962646484375,5303000,MCHI
2019-02-21,60.08000183105469,60.09000015258789,59.56999969482422,59.779998779296875,57.31830978393555,3305300,MCHI
2019-02-22,60.68000030517578,60.93000030517578,60.439998626708984,60.93000030517578,58.42096710205078,4058300,MCHI
2019-02-25,62.04999923706055,62.31999969482422,61.90999984741211,62.04999923706055,59.49483871459961,6194800,MCHI
2019-02-26,61.36000061035156,61.9900016784668,61.2599983215332,61.84000015258789,59.293487548828125,7357400,MCHI
2019-02-27,61.13999938964844,61.33000183105469,60.81999969482422,61.11000061035156,58.59355163574219,5015800,MCHI
2019-02-28,60.81999969482422,60.939998626708984,60.439998626708984,60.709999084472656,58.210018157958984,7722100,MCHI
2019-03-01,61.54999923706055,61.59000015258789,60.97999954223633,61.209999084472656,58.689430236816406,6852300,MCHI
2019-03-04,62.08000183105469,62.22999954223633,61.150001525878906,61.86000061035156,59.31266403198242,7798900,MCHI
2019-03-05,62.400001525878906,63.040000915527344,62.27000045776367,62.86000061035156,60.271484375,5015800,MCHI
2019-03-06,62.779998779296875,62.90999984741211,62.34000015258789,62.38999938964844,59.820838928222656,6902000,MCHI
2019-03-07,61.65999984741211,61.65999984741211,60.52000045776367,60.68000030517578,58.18125915527344,8914700,MCHI
2019-03-08,59.2599983215332,59.720001220703125,59.11000061035156,59.61000061035156,57.15531921386719,6023400,MCHI
2019-03-11,60.560001373291016,61.27000045776367,60.4900016784668,61.13999938964844,58.622310638427734,2952600,MCHI
2019-03-12,61.650001525878906,61.720001220703125,61.290000915527344,61.65999984741211,59.12089538574219,3587900,MCHI
2019-03-13,61.560001373291016,61.72999954223633,61.380001068115234,61.41999816894531,58.890777587890625,5291600,MCHI
2019-03-14,61.130001068115234,61.18000030517578,60.7400016784668,61.040000915527344,58.526432037353516,3929600,MCHI
2019-03-15,61.61000061035156,61.970001220703125,61.5,61.83000183105469,59.28390121459961,3328900,MCHI
2019-03-18,62.68000030517578,62.81999969482422,62.41999816894531,62.66999816894531,60.08930969238281,3355800,MCHI
2019-03-19,62.900001525878906,63.099998474121094,62.619998931884766,62.869998931884766,60.281070709228516,5318000,MCHI
2019-03-20,62.5099983215332,63.2400016784668,61.95000076293945,62.689998626708984,60.10847854614258,11815800,MCHI
2019-03-21,61.97999954223633,62.779998779296875,61.900001525878906,62.779998779296875,60.19477081298828,8753300,MCHI
2019-03-22,61.79999923706055,61.93000030517578,60.810001373291016,60.849998474121094,58.34425354003906,8321400,MCHI
2019-03-25,60.459999084472656,61.11000061035156,60.45000076293945,60.95000076293945,58.44013595581055,5212200,MCHI
2019-03-26,61.02000045776367,61.2400016784668,60.65999984741211,60.939998626708984,58.4305419921875,2983500,MCHI
2019-03-27,60.970001220703125,61.25,60.689998626708984,60.88999938964844,58.382606506347656,5560000,MCHI
2019-03-28,61.15999984741211,61.349998474121094,60.81999969482422,61.2599983215332,58.73737335205078,3100200,MCHI
2019-03-29,62.09000015258789,62.54999923706055,61.869998931884766,62.43000030517578,59.859195709228516,10658500,MCHI
2019-04-01,63.27000045776367,63.5,62.9900016784668,63.349998474121094,60.741302490234375,4755300,MCHI
2019-04-02,63.27000045776367,63.33000183105469,62.970001220703125,63.119998931884766,60.52077865600586,3576200,MCHI
2019-04-03,63.720001220703125,64.16000366210938,63.40999984741211,63.540000915527344,60.92348861694336,7579300,MCHI
2019-04-04,63.689998626708984,64.26000213623047,63.61000061035156,64.19000244140625,61.546714782714844,5272900,MCHI
2019-04-05,64.5199966430664,64.93000030517578,64.44000244140625,64.91999816894531,62.24665069580078,4684000,MCHI
2019-04-08,64.73999786376953,64.98999786376953,64.41999816894531,64.8499984741211,62.17953872680664,4702400,MCHI
2019-04-09,64.87999725341797,65.01000213623047,64.73999786376953,64.81999969482422,62.15077590942383,3582100,MCHI
2019-04-10,64.91000366210938,65.01000213623047,64.62000274658203,64.95999908447266,62.285011291503906,2748800,MCHI
2019-04-11,64.30000305175781,64.33000183105469,63.90999984741211,64.0999984741211,61.46042251586914,3615000,MCHI
2019-04-12,65.04000091552734,65.22000122070312,64.87000274658203,65.02999877929688,62.35212707519531,5174800,MCHI
2019-04-15,64.56999969482422,64.56999969482422,63.720001220703125,64.0,61.36454391479492,4998900,MCHI
2019-04-16,64.7699966430664,64.83999633789062,64.47000122070312,64.72000122070312,62.05489730834961,2983500,MCHI
2019-04-17,65.19000244140625,65.25,64.72000122070312,64.87000274658203,62.19871520996094,7598300,MCHI
2019-04-18,64.83999633789062,65.01000213623047,64.55999755859375,64.88999938964844,62.2178840637207,6202500,MCHI
2019-04-22,64.1500015258789,64.43000030517578,63.90999984741211,64.37999725341797,61.7288932800293,4085200,MCHI
2019-04-23,64.16999816894531,64.5999984741211,64.13999938964844,64.41000366210938,61.75765609741211,7673700,MCHI
2019-04-24,64.2300033569336,64.2300033569336,63.439998626708984,63.56999969482422,60.95225143432617,6810000,MCHI
2019-04-25,63.029998779296875,63.290000915527344,62.689998626708984,63.2599983215332,60.65501022338867,3023800,MCHI
2019-04-26,63.459999084472656,63.619998931884766,63.119998931884766,63.560001373291016,60.942657470703125,3128800,MCHI
2019-04-29,63.65999984741211,63.810001373291016,63.59000015258789,63.720001220703125,61.09607696533203,2179200,MCHI
2019-04-30,63.5,63.79999923706055,63.18000030517578,63.52000045776367,60.90430450439453,5778300,MCHI
2019-05-01,63.72999954223633,64.48999786376953,63.36000061035156,63.40999984741211,60.798831939697266,5808100,MCHI
2019-05-02,63.5,63.93000030517578,63.09000015258789,63.47999954223633,60.86595153808594,3863200,MCHI
2019-05-03,64.08999633789062,64.62000274658203,64.05000305175781,64.58000183105469,61.92066192626953,3684500,MCHI
2019-05-06,61.630001068115234,62.86000061035156,61.59000015258789,62.720001220703125,60.137245178222656,9614500,MCHI
2019-05-07,61.81999969482422,61.849998474121094,60.38999938964844,60.810001373291016,58.30590057373047,8795300,MCHI
2019-05-08,60.880001068115234,61.2599983215332,60.4900016784668,60.75,58.248374938964844,7267700,MCHI
2019-05-09,59.119998931884766,60.18000030517578,58.630001068115234,59.7400016784668,57.27996826171875,13634100,MCHI
2019-05-10,60.029998779296875,60.41999816894531,59.119998931884766,60.130001068115234,57.653900146484375,6979400,MCHI
2019-05-13,58.04999923706055,58.31999969482422,57.459999084472656,57.84000015258789,55.45820236206055,13706300,MCHI
2019-05-14,58.79999923706055,59.150001525878906,58.45000076293945,58.810001373291016,56.38826370239258,6666500,MCHI
2019-05-15,58.9900016784668,59.5099983215332,58.86000061035156,59.349998474121094,56.9060173034668,6651800,MCHI
2019-05-16,59.630001068115234,59.970001220703125,59.47999954223633,59.59000015258789,57.13614273071289,4915800,MCHI
2019-05-17,57.93000030517578,58.15999984741211,57.59000015258789,57.68000030517578,55.30479049682617,6899000,MCHI
2019-05-20,56.4900016784668,56.5,55.91999816894531,56.0099983215332,53.70356369018555,4959500,MCHI
2019-05-21,56.7599983215332,56.939998626708984,56.5,56.86000061035156,54.5185546875,5400700,MCHI
2019-05-22,56.45000076293945,56.52000045776367,56.08000183105469,56.25,53.93368148803711,4089300,MCHI
2019-05-23,55.13999938964844,55.439998626708984,54.91999816894531,55.20000076293945,52.926918029785156,6022400,MCHI
2019-05-24,55.439998626708984,55.560001373291016,54.810001373291016,54.880001068115234,52.620094299316406,7047600,MCHI
2019-05-28,55.689998626708984,55.84000015258789,55.189998626708984,55.310001373291016,53.03238296508789,4792800,MCHI
2019-05-29,55.130001068115234,55.54999923706055,55.029998779296875,55.47999954223633,53.19538497924805,4316800,MCHI
2019-05-30,55.380001068115234,55.58000183105469,55.220001220703125,55.45000076293945,53.16661834716797,4112600,MCHI
2019-05-31,55.0,55.439998626708984,54.93000030517578,55.33000183105469,53.05156326293945,4520300,MCHI
2019-06-03,55.65999984741211,55.90999984741211,55.40999984741211,55.68000030517578,53.38715744018555,3306200,MCHI
2019-06-04,55.18000030517578,55.720001220703125,55.150001525878906,55.65999984741211,53.367977142333984,5214500,MCHI
2019-06-05,55.65999984741211,55.72999954223633,54.810001373291016,55.18000030517578,52.90774154663086,5108100,MCHI
2019-06-06,55.09000015258789,55.29999923706055,54.939998626708984,55.209999084472656,52.93650436401367,3191800,MCHI
2019-06-07,55.630001068115234,56.400001525878906,55.61000061035156,55.81999969482422,53.52138137817383,4358500,MCHI
2019-06-10,56.650001525878906,57.150001525878906,56.52000045776367,56.810001373291016,54.47061538696289,3277400,MCHI
2019-06-11,57.79999923706055,57.959999084472656,57.41999816894531,57.61000061035156,55.23767852783203,4131800,MCHI
2019-06-12,56.75,56.86000061035156,56.369998931884766,56.540000915527344,54.21173095703125,2301900,MCHI
2019-06-13,56.869998931884766,56.95000076293945,56.45000076293945,56.650001525878906,54.31721115112305,3869200,MCHI
2019-06-14,56.27000045776367,56.27000045776367,55.95000076293945,55.9900016784668,53.68438720703125,3157500,MCHI
2019-06-17,55.810001373291016,56.20000076293945,55.779998779296875,55.97999954223633,54.018253326416016,1904300,MCHI
2019-06-18,56.709999084472656,58.15999984741211,56.709999084472656,57.79999923706055,55.77448272705078,4832400,MCHI
2019-06-19,58.20000076293945,58.630001068115234,57.79999923706055,58.369998931884766,56.32450485229492,6326200,MCHI
2019-06-20,59.630001068115234,59.7400016784668,59.0099983215332,59.33000183105469,57.2508659362793,3884600,MCHI
2019-06-21,59.029998779296875,59.29999923706055,58.91999816894531,59.0,56.93242645263672,3202800,MCHI
2019-06-24,59.20000076293945,59.22999954223633,58.900001525878906,58.9900016784668,56.92278289794922,2251600,MCHI
2019-06-25,58.470001220703125,58.5,57.970001220703125,58.04999923706055,56.015716552734375,4116900,MCHI
2019-06-26,58.77000045776367,59.119998931884766,58.77000045776367,58.900001525878906,56.8359375,3128300,MCHI
2019-06-27,59.2599983215332,59.540000915527344,59.15999984741211,59.47999954223633,57.395606994628906,2006500,MCHI
2019-06-28,59.47999954223633,59.5,59.220001220703125,59.45000076293945,57.366661071777344,2915200,MCHI
2019-07-01,61.119998931884766,61.40999984741211,60.459999084472656,60.63999938964844,58.514957427978516,5174300,MCHI
2019-07-02,60.709999084472656,60.79999923706055,60.439998626708984,60.61000061035156,58.48600769042969,4473400,MCHI
2019-07-03,60.33000183105469,60.41999816894531,60.16999816894531,60.38999938964844,58.273719787597656,986100,MCHI
2019-07-05,59.880001068115234,59.880001068115234,59.5,59.650001525878906,57.559654235839844,3385100,MCHI
2019-07-08,59.119998931884766,59.13999938964844,58.790000915527344,58.90999984741211,56.845584869384766,2365100,MCHI
2019-07-09,58.41999816894531,58.81999969482422,58.31999969482422,58.7599983215332,56.700836181640625,1600600,MCHI
2019-07-10,59.310001373291016,59.5099983215332,58.849998474121094,58.91999816894531,56.855224609375,2044600,MCHI
2019-07-11,59.0,59.029998779296875,58.45000076293945,58.63999938964844,56.58504104614258,2465400,MCHI
2019-07-12,58.849998474121094,58.97999954223633,58.75,58.90999984741211,56.845584869384766,1778600,MCHI
2019-07-15,59.27000045776367,59.5,59.099998474121094,59.459999084472656,57.376304626464844,981800,MCHI
2019-07-16,59.630001068115234,59.7599983215332,59.38999938964844,59.400001525878906,57.31840896606445,3189900,MCHI
2019-07-17,59.47999954223633,59.630001068115234,59.22999954223633,59.25,57.173667907714844,1265400,MCHI
2019-07-18,59.099998474121094,59.400001525878906,58.959999084472656,59.33000183105469,57.2508659362793,3332600,MCHI
2019-07-19,59.86000061035156,59.900001525878906,59.33000183105469,59.33000183105469,57.2508659362793,2214300,MCHI
2019-07-22,59.25,59.369998931884766,59.040000915527344,59.09000015258789,57.01927185058594,1296800,MCHI
2019-07-23,59.380001068115234,59.77000045776367,59.31999969482422,59.75,57.65614700317383,2221400,MCHI
2019-07-24,59.779998779296875,60.18000030517578,59.779998779296875,60.13999938964844,58.03247833251953,3845600,MCHI
2019-07-25,60.220001220703125,60.220001220703125,59.58000183105469,59.79999923706055,57.70439147949219,5053000,MCHI
2019-07-26,59.95000076293945,60.0,59.72999954223633,59.91999816894531,57.820186614990234,1581600,MCHI
2019-07-29,59.720001220703125,59.81999969482422,59.369998931884766,59.560001373291016,57.47280502319336,1152400,MCHI
2019-07-30,59.130001068115234,59.189998626708984,58.900001525878906,59.11000061035156,57.03857421875,2329500,MCHI
2019-07-31,58.97999954223633,58.97999954223633,57.68000030517578,58.470001220703125,56.42100143432617,3353400,MCHI
2019-08-01,58.7400016784668,59.099998474121094,56.540000915527344,56.65999984741211,54.6744270324707,9553400,MCHI
2019-08-02,56.56999969482422,56.630001068115234,55.90999984741211,56.0,54.03755187988281,7446400,MCHI
2019-08-05,54.2400016784668,54.31999969482422,53.119998931884766,53.47999954223633,51.60586929321289,10459000,MCHI
2019-08-06,54.4900016784668,54.68000030517578,53.91999816894531,54.16999816894531,52.27168655395508,6984300,MCHI
2019-08-07,53.849998474121094,54.65999984741211,53.58000183105469,54.650001525878906,52.73487091064453,4529300,MCHI
2019-08-08,55.06999969482422,55.380001068115234,54.810001373291016,55.380001068115234,53.43928527832031,2650000,MCHI
2019-08-09,54.810001373291016,54.90999984741211,54.29999923706055,54.61000061035156,52.69626998901367,2739100,MCHI
2019-08-12,53.97999954223633,54.22999954223633,53.77000045776367,54.040000915527344,52.14624786376953,2671000,MCHI
2019-08-13,53.970001220703125,55.779998779296875,53.849998474121094,55.150001525878906,53.217350006103516,6398400,MCHI
2019-08-14,53.810001373291016,54.0099983215332,53.4900016784668,53.56999969482422,51.692710876464844,5399000,MCHI
2019-08-15,54.4900016784668,54.59000015258789,54.0,54.33000183105469,52.426082611083984,3651800,MCHI
2019-08-16,54.849998474121094,55.4900016784668,54.7599983215332,55.369998931884766,53.42963409423828,1902200,MCHI
2019-08-19,56.619998931884766,56.7599983215332,56.290000915527344,56.40999984741211,54.43319320678711,2333400,MCHI
2019-08-20,56.529998779296875,56.650001525878906,56.29999923706055,56.31999969482422,54.346343994140625,2039500,MCHI
2019-08-21,56.959999084472656,57.0,56.54999923706055,56.709999084472656,54.72267532348633,3274100,MCHI
2019-08-22,56.41999816894531,56.470001220703125,55.83000183105469,56.099998474121094,54.13404846191406,1521000,MCHI
2019-08-23,55.790000915527344,56.27000045776367,54.65999984741211,54.7599983215332,52.84101104736328,5302700,MCHI
2019-08-26,55.439998626708984,55.52000045776367,55.189998626708984,55.349998474121094,53.410335540771484,3426600,MCHI
2019-08-27,55.849998474121094,56.04999923706055,55.5,55.5,53.555076599121094,2187000,MCHI
2019-08-28,55.220001220703125,55.66999816894531,55.060001373291016,55.61000061035156,53.661224365234375,1419800,MCHI
2019-08-29,56.11000061035156,56.439998626708984,55.959999084472656,56.2400016784668,54.26914978027344,1748900,MCHI
2019-08-30,56.5099983215332,56.5099983215332,56.06999969482422,56.41999816894531,54.442840576171875,1918900,MCHI
2019-09-03,56.189998626708984,56.380001068115234,56.08000183105469,56.22999954223633,54.259498596191406,1940100,MCHI
2019-09-04,57.27000045776367,57.380001068115234,57.119998931884766,57.220001220703125,55.214813232421875,3243700,MCHI
2019-09-05,58.0,58.34000015258789,58.0,58.25,56.208709716796875,5898100,MCHI
2019-09-06,58.439998626708984,58.470001220703125,58.22999954223633,58.279998779296875,56.2376594543457,1879900,MCHI
2019-09-09,58.41999816894531,58.66999816894531,58.310001373291016,58.58000183105469,56.52714920043945,4604800,MCHI
2019-09-10,58.47999954223633,58.54999923706055,58.08000183105469,58.349998474121094,56.305198669433594,3278800,MCHI
2019-09-11,58.720001220703125,59.06999969482422,58.4900016784668,58.939998626708984,56.87453079223633,5166200,MCHI
2019-09-12,59.33000183105469,59.83000183105469,59.04999923706055,59.380001068115234,57.29911422729492,5524800,MCHI
2019-09-13,59.779998779296875,59.939998626708984,59.709999084472656,59.81999969482422,57.723690032958984,2838500,MCHI
2019-09-16,59.2599983215332,59.369998931884766,58.97999954223633,59.189998626708984,57.11576461791992,2282900,MCHI
2019-09-17,58.540000915527344,59.09000015258789,58.5099983215332,59.04999923706055,56.980674743652344,2379600,MCHI
2019-09-18,58.93000030517578,58.939998626708984,58.34000015258789,58.7599983215332,56.700836181640625,2599200,MCHI
2019-09-19,58.72999954223633,59.0,58.459999084472656,58.529998779296875,56.47890090942383,5134200,MCHI
2019-09-20,58.59000015258789,58.7400016784668,57.939998626708984,58.20000076293945,56.160465240478516,3527900,MCHI
2019-09-23,57.83000183105469,57.93000030517578,57.630001068115234,57.83000183105469,55.80343246459961,1837900,MCHI
2019-09-24,57.779998779296875,57.779998779296875,56.790000915527344,56.849998474121094,54.85777282714844,6998900,MCHI
2019-09-25,56.68000030517578,57.2400016784668,56.47999954223633,57.18000030517578,55.176204681396484,2635300,MCHI
2019-09-26,56.970001220703125,57.119998931884766,56.66999816894531,56.779998779296875,54.790225982666016,3124100,MCHI
2019-09-27,56.869998931884766,57.040000915527344,55.189998626708984,55.540000915527344,53.59368133544922,5490900,MCHI
2019-09-30,56.29999923706055,56.5099983215332,56.0,56.08000183105469,54.1147575378418,3181100,MCHI
2019-10-01,56.25,56.25,55.52000045776367,55.779998779296875,53.82526779174805,3805600,MCHI
2019-10-02,55.56999969482422,55.81999969482422,55.380001068115234,55.77000045776367,53.81562042236328,3243400,MCHI
2019-10-03,56.13999938964844,56.75,55.93000030517578,56.75,54.76128005981445,2552700,MCHI
2019-10-04,56.40999984741211,56.77000045776367,56.150001525878906,56.689998626708984,54.703372955322266,2057400,MCHI
2019-10-07,56.29999923706055,56.689998626708984,56.15999984741211,56.279998779296875,54.30774688720703,4023900,MCHI
2019-10-08,55.79999923706055,55.939998626708984,55.349998474121094,55.369998931884766,53.42963409423828,5895400,MCHI
2019-10-09,56.189998626708984,56.380001068115234,55.93000030517578,56.130001068115234,54.16300582885742,4039000,MCHI
2019-10-10,56.45000076293945,57.13999938964844,56.45000076293945,56.900001525878906,54.9060173034668,3175100,MCHI
2019-10-11,57.959999084472656,58.58000183105469,57.869998931884766,58.0099983215332,55.97712326049805,6033900,MCHI
2019-10-14,58.11000061035156,58.18000030517578,57.790000915527344,57.79999923706055,55.77448272705078,2203500,MCHI
2019-10-15,58.099998474121094,58.68000030517578,58.040000915527344,58.4900016784668,56.440303802490234,2327800,MCHI
2019-10-16,58.400001525878906,58.68000030517578,58.279998779296875,58.59000015258789,56.53679275512695,2020900,MCHI
2019-10-17,58.970001220703125,58.970001220703125,58.630001068115234,58.68000030517578,56.62364196777344,2672700,MCHI
2019-10-18,58.45000076293945,58.560001373291016,57.72999954223633,57.72999954223633,55.706932067871094,4157600,MCHI
2019-10-21,58.189998626708984,58.45000076293945,58.08000183105469,58.380001068115234,56.33415603637695,2430100,MCHI
2019-10-22,58.33000183105469,58.4900016784668,57.86000061035156,58.0,55.967472076416016,1882100,MCHI
2019-10-23,57.56999969482422,57.77000045776367,57.40999984741211,57.77000045776367,55.74552917480469,1810300,MCHI
2019-10-24,58.0,58.06999969482422,57.810001373291016,57.95000076293945,55.91922378540039,2487800,MCHI
2019-10-25,58.029998779296875,58.63999938964844,58.0099983215332,58.59000015258789,56.53679275512695,2152300,MCHI
2019-10-28,59.06999969482422,59.43000030517578,59.060001373291016,59.31999969482422,57.241214752197266,2937100,MCHI
2019-10-29,58.68000030517578,58.810001373291016,58.540000915527344,58.68000030517578,56.62364196777344,2594000,MCHI
2019-10-30,58.349998474121094,58.70000076293945,58.06999969482422,58.689998626708984,56.6332893371582,2677500,MCHI
2019-10-31,58.689998626708984,58.7599983215332,58.18000030517578,58.470001220703125,56.42100143432617,2635700,MCHI
2019-11-01,59.29999923706055,59.65999984741211,59.20000076293945,59.369998931884766,57.289459228515625,3282900,MCHI
2019-11-04,60.38999938964844,60.529998779296875,60.130001068115234,60.36000061035156,58.24477005004883,3182900,MCHI
2019-11-05,60.75,60.84000015258789,60.45000076293945,60.70000076293945,58.57284927368164,1934300,MCHI
2019-11-06,60.869998931884766,60.939998626708984,60.52000045776367,60.709999084472656,58.58250427246094,3434700,MCHI
2019-11-07,61.349998474121094,61.70000076293945,61.220001220703125,61.439998626708984,59.28691864013672,4872800,MCHI
2019-11-08,61.189998626708984,61.279998779296875,60.880001068115234,61.130001068115234,58.987789154052734,7074500,MCHI
2019-11-11,59.9900016784668,60.40999984741211,59.88999938964844,60.38999938964844,58.273719787597656,2899200,MCHI
2019-11-12,60.119998931884766,60.2599983215332,59.790000915527344,60.0,57.89738082885742,3324400,MCHI
2019-11-13,59.27000045776367,59.36000061035156,58.959999084472656,59.13999938964844,57.06752014160156,2519400,MCHI
2019-11-14,59.0099983215332,59.150001525878906,58.72999954223633,59.04999923706055,56.980674743652344,3358200,MCHI
2019-11-15,59.08000183105469,59.25,59.02000045776367,59.16999816894531,57.096473693847656,2026100,MCHI
2019-11-18,59.52000045776367,59.599998474121094,59.2400016784668,59.29999923706055,57.2219123840332,1438400,MCHI
2019-11-19,60.34000015258789,60.34000015258789,59.75,59.90999984741211,57.81053924560547,1967500,MCHI
2019-11-20,59.63999938964844,59.65999984741211,59.09000015258789,59.29999923706055,57.2219123840332,3546500,MCHI
2019-11-21,59.20000076293945,59.400001525878906,59.04999923706055,59.34000015258789,57.2605094909668,2153500,MCHI
2019-11-22,59.41999816894531,59.43000030517578,59.15999984741211,59.43000030517578,57.34735870361328,1271300,MCHI
2019-11-25,60.04999923706055,60.47999954223633,59.93000030517578,60.470001220703125,58.350914001464844,2100200,MCHI
2019-11-26,60.290000915527344,60.68000030517578,60.099998474121094,60.599998474121094,58.476356506347656,2981500,MCHI
2019-11-27,60.59000015258789,60.86000061035156,60.459999084472656,60.81999969482422,58.68864440917969,1977300,MCHI
2019-11-29,59.72999954223633,59.810001373291016,59.56999969482422,59.65999984741211,57.569297790527344,1358000,MCHI
2019-12-02,59.75,59.790000915527344,59.2400016784668,59.4900016784668,57.40525436401367,9411300,MCHI
2019-12-03,58.79999923706055,59.18000030517578,58.41999816894531,59.18000030517578,57.10612106323242,2420300,MCHI
2019-12-04,59.54999923706055,59.68000030517578,59.400001525878906,59.439998626708984,57.35700988769531,1760700,MCHI
2019-12-05,59.70000076293945,60.15999984741211,59.63999938964844,60.0099983215332,57.90703201293945,6221900,MCHI
2019-12-06,60.560001373291016,60.619998931884766,60.380001068115234,60.5,58.379859924316406,2347600,MCHI
2019-12-09,60.310001373291016,60.56999969482422,59.97999954223633,59.97999954223633,57.87808609008789,1368800,MCHI
2019-12-10,60.349998474121094,60.52000045776367,60.20000076293945,60.33000183105469,58.2158203125,1817400,MCHI
2019-12-11,60.79999923706055,61.45000076293945,60.7400016784668,61.33000183105469,59.180782318115234,3653300,MCHI
2019-12-12,61.33000183105469,62.43000030517578,61.279998779296875,62.34000015258789,60.1553840637207,4390500,MCHI
2019-12-13,62.52000045776367,63.06999969482422,62.060001373291016,62.11000061035156,59.93343734741211,5114900,MCHI
2019-12-16,62.310001373291016,62.619998931884766,62.27000045776367,62.43000030517578,60.80415344238281,3004600,MCHI
2019-12-17,63.0,63.2400016784668,62.86000061035156,63.130001068115234,61.48592758178711,2729100,MCHI
2019-12-18,63.310001373291016,63.459999084472656,63.25,63.40999984741211,61.758636474609375,3405600,MCHI
2019-12-19,63.060001373291016,63.31999969482422,63.040000915527344,63.25,61.60280227661133,2177700,MCHI
2019-12-20,63.439998626708984,63.61000061035156,63.310001373291016,63.540000915527344,61.885250091552734,4130200,MCHI
2019-12-23,63.56999969482422,63.630001068115234,63.43000030517578,63.58000183105469,61.92420959472656,2217200,MCHI
2019-12-24,63.68000030517578,63.75,63.5099983215332,63.619998931884766,61.96316909790039,684800,MCHI
2019-12-26,63.90999984741211,64.22000122070312,63.869998931884766,64.19000244140625,62.5183219909668,1022500,MCHI
2019-12-27,64.58000183105469,64.58000183105469,64.20999908447266,64.2699966430664,62.59623718261719,1617400,MCHI
2019-12-30,64.58000183105469,64.58999633789062,63.91999816894531,64.0,62.33326721191406,1974100,MCHI
2019-12-31,64.02999877929688,64.20999908447266,63.849998474121094,64.08999633789062,62.420921325683594,2037200,MCHI
2020-01-02,65.27999877929688,66.2300033569336,65.27999877929688,66.2300033569336,64.50520324707031,2800400,MCHI
2020-01-03,65.06999969482422,65.45999908447266,64.94000244140625,64.98999786376953,63.297481536865234,2822500,MCHI
2020-01-06,64.62000274658203,64.91000366210938,64.55000305175781,64.87999725341797,63.19035339355469,3343900,MCHI
2020-01-07,65.12999725341797,65.27999877929688,64.88999938964844,65.16000366210938,63.46306610107422,2145400,MCHI
2020-01-08,64.80999755859375,65.73999786376953,64.70999908447266,65.3499984741211,63.64811706542969,5414100,MCHI
2020-01-09,66.0199966430664,66.16999816894531,65.9000015258789,66.05999755859375,64.3396224975586,2893400,MCHI
2020-01-10,66.37999725341797,66.66999816894531,66.19000244140625,66.48999786376953,64.75841522216797,2263800,MCHI
2020-01-13,67.18000030517578,67.83999633789062,67.0199966430664,67.77999877929688,66.01483154296875,2720300,MCHI
2020-01-14,67.20999908447266,67.23999786376953,66.7300033569336,67.01000213623047,65.264892578125,4242800,MCHI
2020-01-15,66.81999969482422,66.97000122070312,66.58999633789062,66.73999786376953,65.00190734863281,2822700,MCHI
2020-01-16,67.0999984741211,67.1500015258789,66.88999938964844,67.1500015258789,65.40122985839844,4338800,MCHI
2020-01-17,67.41000366210938,67.5,67.22000122070312,67.44000244140625,65.68368530273438,2311000,MCHI
2020-01-21,65.13999938964844,65.36000061035156,64.94000244140625,65.0,63.30722427368164,7652200,MCHI
2020-01-22,65.91999816894531,65.95999908447266,65.19999694824219,65.3499984741211,63.64811706542969,2984200,MCHI
2020-01-23,63.900001525878906,64.61000061035156,63.61000061035156,64.5,62.820247650146484,11900400,MCHI
2020-01-24,64.33999633789062,64.41000366210938,63.0099983215332,63.400001525878906,61.748897552490234,3696200,MCHI
2020-01-27,59.7599983215332,61.45000076293945,59.560001373291016,61.0,59.411399841308594,18990400,MCHI
2020-01-28,61.290000915527344,61.779998779296875,60.849998474121094,61.61000061035156,60.00551223754883,8922600,MCHI
2020-01-29,62.380001068115234,62.560001373291016,62.0,62.209999084472656,60.58988952636719,4466800,MCHI
2020-01-30,60.7400016784668,61.310001373291016,60.27000045776367,61.2599983215332,59.66462707519531,5025100,MCHI
2020-01-31,60.220001220703125,60.27000045776367,59.70000076293945,60.11000061035156,58.54457473754883,4111000,MCHI
2020-02-03,60.38999938964844,61.310001373291016,60.38999938964844,60.970001220703125,59.382179260253906,3176100,MCHI
2020-02-04,63.0099983215332,63.650001525878906,62.95000076293945,63.310001373291016,61.6612434387207,6925900,MCHI
2020-02-05,64.37000274658203,64.38999938964844,63.09000015258789,63.29999923706055,61.65149688720703,4459100,MCHI
2020-02-06,64.01000213623047,64.02999877929688,63.56999969482422,63.61000061035156,61.953426361083984,3950100,MCHI
2020-02-07,63.310001373291016,63.349998474121094,62.79999923706055,62.95000076293945,61.31061553955078,3110500,MCHI
2020-02-10,63.15999984741211,63.65999984741211,63.099998474121094,63.63999938964844,61.982643127441406,2920500,MCHI
2020-02-11,64.56999969482422,64.94999694824219,64.4000015258789,64.52999877929688,62.84946823120117,3131200,MCHI
2020-02-12,65.20999908447266,65.77999877929688,65.08000183105469,65.77999877929688,64.06690979003906,3707600,MCHI
2020-02-13,64.87000274658203,65.27999877929688,64.72000122070312,64.87999725341797,63.19035339355469,3315300,MCHI
2020-02-14,65.1500015258789,65.19999694824219,64.56999969482422,64.81999969482422,63.131919860839844,2375900,MCHI
2020-02-18,64.81999969482422,64.94000244140625,64.63999938964844,64.81999969482422,63.131919860839844,2435500,MCHI
2020-02-19,65.23999786376953,65.45999908447266,65.2300033569336,65.30000305175781,63.59941864013672,1866600,MCHI
2020-02-20,65.25,65.30000305175781,64.31999969482422,64.55999755859375,62.87868881225586,3246600,MCHI
2020-02-21,64.69000244140625,64.7300033569336,64.13999938964844,64.30999755859375,62.635196685791016,7434000,MCHI
2020-02-24,61.77000045776367,62.540000915527344,61.56999969482422,62.15999984741211,60.54118728637695,7396500,MCHI
2020-02-25,63.06999969482422,63.119998931884766,61.77000045776367,61.79999923706055,60.1905632019043,10603200,MCHI
2020-02-26,62.65999984741211,63.33000183105469,62.54999923706055,62.54999923706055,60.9210319519043,9460100,MCHI
2020-02-27,62.209999084472656,62.959999084472656,61.40999984741211,61.810001373291016,60.2003059387207,14489900,MCHI
2020-02-28,60.29999923706055,62.130001068115234,59.93000030517578,62.130001068115234,60.51197052001953,16712200,MCHI
2020-03-02,62.40999984741211,62.970001220703125,61.810001373291016,62.959999084472656,61.32035827636719,12549600,MCHI
2020-03-03,63.08000183105469,63.72999954223633,62.02000045776367,62.61000061035156,60.97947311401367,9593300,MCHI
2020-03-04,63.220001220703125,63.720001220703125,63.130001068115234,63.619998931884766,61.96316909790039,4727000,MCHI
2020-03-05,63.619998931884766,64.19999694824219,63.2400016784668,63.47999954223633,61.826812744140625,6988700,MCHI
2020-03-06,62.209999084472656,62.470001220703125,61.380001068115234,62.11000061035156,60.492488861083984,4778000,MCHI
2020-03-09,59.15999984741211,60.33000183105469,58.61000061035156,59.66999816894531,58.116031646728516,6047800,MCHI
2020-03-10,61.70000076293945,61.970001220703125,60.630001068115234,61.959999084472656,60.346397399902344,5946400,MCHI
2020-03-11,60.310001373291016,60.7599983215332,59.4900016784668,59.84000015258789,58.2816047668457,4993900,MCHI
2020-03-12,55.810001373291016,56.349998474121094,54.58000183105469,55.34000015258789,53.898799896240234,6742800,MCHI
2020-03-13,59.20000076293945,59.20000076293945,55.970001220703125,58.2599983215332,56.74275588989258,5513500,MCHI
2020-03-16,50.20000076293945,54.689998626708984,50.0,52.56999969482422,51.20093536376953,4673800,MCHI
2020-03-17,53.599998474121094,55.5,52.869998931884766,55.18000030517578,53.74296951293945,4897700,MCHI
2020-03-18,51.72999954223633,53.34000015258789,50.599998474121094,52.36000061035156,50.99640655517578,8332000,MCHI
2020-03-19,52.310001373291016,53.66999816894531,51.599998474121094,52.7400016784668,51.36650848388672,5921900,MCHI
2020-03-20,54.56999969482422,54.75,52.5099983215332,52.599998474121094,51.23015594482422,10475500,MCHI
2020-03-23,52.86000061035156,53.33000183105469,51.63999938964844,52.779998779296875,51.40546798706055,3624500,MCHI
2020-03-24,55.369998931884766,56.11000061035156,54.970001220703125,55.90999984741211,54.453956604003906,4538600,MCHI
2020-03-25,56.36000061035156,57.869998931884766,55.9900016784668,57.0099983215332,55.52531051635742,5461500,MCHI
2020-03-26,57.040000915527344,58.900001525878906,56.779998779296875,58.79999923706055,57.26869201660156,8277000,MCHI
2020-03-27,56.060001373291016,56.59000015258789,55.7400016784668,55.86000061035156,54.40525817871094,5377100,MCHI
2020-03-30,56.29999923706055,57.119998931884766,55.900001525878906,57.119998931884766,55.6324462890625,4007400,MCHI
2020-03-31,56.93000030517578,57.81999969482422,56.90999984741211,57.25,55.759063720703125,3751800,MCHI
2020-04-01,56.20000076293945,56.63999938964844,55.209999084472656,55.209999084472656,53.772186279296875,3258400,MCHI
2020-04-02,56.130001068115234,57.040000915527344,56.02000045776367,56.869998931884766,55.38895034790039,3861300,MCHI
2020-04-03,56.900001525878906,57.09000015258789,55.95000076293945,56.20000076293945,54.73640441894531,3424600,MCHI
2020-04-06,57.880001068115234,58.47999954223633,57.560001373291016,58.40999984741211,56.888851165771484,4778900,MCHI
2020-04-07,59.79999923706055,59.79999923706055,58.220001220703125,58.41999816894531,56.89858627319336,4721200,MCHI
2020-04-08,58.400001525878906,58.619998931884766,57.90999984741211,58.470001220703125,56.947288513183594,3019500,MCHI
2020-04-09,58.790000915527344,59.27000045776367,58.18000030517578,58.38999938964844,56.86936950683594,3419300,MCHI
2020-04-13,58.400001525878906,58.619998931884766,57.880001068115234,58.4900016784668,56.96677017211914,2014000,MCHI
2020-04-14,59.58000183105469,60.0099983215332,59.58000183105469,59.7400016784668,58.18421173095703,3723200,MCHI
2020-04-15,58.65999984741211,59.2400016784668,58.4900016784668,59.040000915527344,57.502445220947266,3600900,MCHI
2020-04-16,59.61000061035156,59.86000061035156,59.400001525878906,59.70000076293945,58.14525604248047,3841500,MCHI
2020-04-17,60.529998779296875,60.599998474121094,59.810001373291016,60.16999816894531,58.60301208496094,2980200,MCHI
2020-04-20,59.91999816894531,60.68000030517578,59.88999938964844,60.08000183105469,58.51536178588867,2749200,MCHI
2020-04-21,59.06999969482422,59.18000030517578,58.470001220703125,58.65999984741211,57.13233947753906,3188500,MCHI
2020-04-22,60.13999938964844,60.220001220703125,59.900001525878906,59.95000076293945,58.38874435424805,1620300,MCHI
2020-04-23,60.209999084472656,60.439998626708984,59.459999084472656,59.5099983215332,57.960201263427734,2687000,MCHI
2020-04-24,59.86000061035156,59.869998931884766,59.25,59.65999984741211,58.10629653930664,1227200,MCHI
2020-04-27,60.400001525878906,60.560001373291016,60.209999084472656,60.5099983215332,58.93415451049805,5079700,MCHI
2020-04-28,61.290000915527344,61.349998474121094,60.279998779296875,60.31999969482422,58.749107360839844,6184600,MCHI
2020-04-29,61.0,61.529998779296875,60.88999938964844,61.34000015258789,59.74254608154297,3224200,MCHI
2020-04-30,61.130001068115234,61.36000061035156,59.599998474121094,59.97999954223633,58.417964935302734,4178200,MCHI
2020-05-01,58.58000183105469,58.65999984741211,57.56999969482422,57.689998626708984,56.18759536743164,5072900,MCHI
2020-05-04,57.79999923706055,57.91999816894531,57.5,57.900001525878906,56.392127990722656,2678700,MCHI
2020-05-05,58.790000915527344,59.08000183105469,58.630001068115234,58.709999084472656,57.181034088134766,2567400,MCHI
2020-05-06,59.5099983215332,59.75,59.099998474121094,59.13999938964844,57.59983825683594,1558200,MCHI
2020-05-07,59.66999816894531,59.810001373291016,59.369998931884766,59.630001068115234,58.07707595825195,1581400,MCHI
2020-05-08,60.619998931884766,61.20000076293945,60.45000076293945,61.04999923706055,59.4600944519043,2317300,MCHI
2020-05-11,60.97999954223633,61.41999816894531,60.959999084472656,61.22999954223633,59.63541030883789,3385100,MCHI
2020-05-12,61.4900016784668,61.810001373291016,60.7599983215332,60.7599983215332,59.17764663696289,5519100,MCHI
2020-05-13,61.65999984741211,61.900001525878906,60.59000015258789,61.0,59.411399841308594,4296100,MCHI
2020-05-14,59.81999969482422,60.93000030517578,59.540000915527344,60.83000183105469,59.24583053588867,4846800,MCHI
2020-05-15,59.95000076293945,60.369998931884766,59.88999938964844,60.310001373291016,58.73937225341797,2515100,MCHI
2020-05-18,61.880001068115234,62.86000061035156,61.81999969482422,62.70000076293945,61.0671272277832,4352200,MCHI
2020-05-19,62.63999938964844,63.13999938964844,62.45000076293945,62.47999954223633,60.85285568237305,2462300,MCHI
2020-05-20,63.380001068115234,63.59000015258789,62.290000915527344,62.88999938964844,61.252174377441406,4230700,MCHI
2020-05-21,61.529998779296875,61.81999969482422,61.029998779296875,61.349998474121094,59.75227737426758,4021600,MCHI
2020-05-22,59.91999816894531,59.91999816894531,59.0099983215332,59.08000183105469,57.541404724121094,7005100,MCHI
2020-05-26,60.66999816894531,61.08000183105469,60.06999969482422,60.16999816894531,58.60301208496094,6472400,MCHI
2020-05-27,60.22999954223633,60.22999954223633,59.18000030517578,59.68000030517578,58.12578201293945,6224400,MCHI
2020-05-28,59.66999816894531,60.11000061035156,59.18000030517578,59.2400016784668,57.697235107421875,9012300,MCHI
2020-05-29,59.93000030517578,61.11000061035156,59.470001220703125,61.0,59.411399841308594,5976900,MCHI
2020-06-01,61.36000061035156,62.09000015258789,61.31999969482422,62.06999969482422,60.45353698730469,3584800,MCHI
2020-06-02,62.54999923706055,63.540000915527344,62.470001220703125,63.43000030517578,61.77811050415039,2957100,MCHI
2020-06-03,63.869998931884766,64.4800033569336,63.65999984741211,64.33000183105469,62.6546745300293,3387900,MCHI
2020-06-04,63.720001220703125,64.13999938964844,63.310001373291016,63.61000061035156,61.953426361083984,2165900,MCHI
2020-06-05,64.6500015258789,64.98999786376953,64.56999969482422,64.69999694824219,63.015037536621094,4795400,MCHI
2020-06-08,64.38999938964844,64.5199966430664,63.90999984741211,64.5199966430664,62.839725494384766,3295900,MCHI
2020-06-09,63.93000030517578,64.54000091552734,63.77000045776367,64.44000244140625,62.76181411743164,6750900,MCHI
2020-06-10,64.87999725341797,65.55000305175781,64.5999984741211,65.27999877929688,63.57993698120117,5596600,MCHI
2020-06-11,63.720001220703125,64.04000091552734,62.720001220703125,62.810001373291016,61.17426300048828,7865500,MCHI
2020-06-12,64.16999816894531,64.23999786376953,62.970001220703125,63.77000045776367,62.10926055908203,4047500,MCHI
2020-06-15,62.470001220703125,63.630001068115234,62.290000915527344,63.45000076293945,62.02812194824219,6041400,MCHI
2020-06-16,65.05000305175781,65.12999725341797,63.790000915527344,64.25,62.8101921081543,5347700,MCHI
2020-06-17,64.58000183105469,65.01000213623047,64.48999786376953,64.79000091552734,63.33809280395508,2829800,MCHI
2020-06-18,64.93000030517578,65.37999725341797,64.93000030517578,65.16000366210938,63.699806213378906,2305400,MCHI
2020-06-19,65.9800033569336,65.9800033569336,64.93000030517578,65.08000183105469,63.62160110473633,5134400,MCHI
2020-06-22,65.55000305175781,65.97000122070312,65.30999755859375,65.97000122070312,64.49165344238281,4003500,MCHI
2020-06-23,66.83999633789062,67.22000122070312,66.77999877929688,66.91999816894531,65.42035675048828,2636200,MCHI
2020-06-24,66.58999633789062,66.91000366210938,65.69999694824219,66.30000305175781,64.81426239013672,2249200,MCHI
2020-06-25,66.0,66.19000244140625,65.62999725341797,66.05999755859375,64.57962799072266,1636500,MCHI
2020-06-26,66.1500015258789,66.16999816894531,65.2300033569336,65.58999633789062,64.12016296386719,2384800,MCHI
2020-06-29,65.45999908447266,65.63999938964844,64.97000122070312,65.56999969482422,64.1006088256836,2702800,MCHI
2020-06-30,65.75,65.81999969482422,65.19000244140625,65.44999694824219,63.983299255371094,2358700,MCHI
2020-07-01,65.91999816894531,66.47000122070312,65.81999969482422,66.02999877929688,64.55030822753906,2946200,MCHI
2020-07-02,67.95999908447266,68.4000015258789,67.73999786376953,68.23999786376953,66.71077728271484,4727400,MCHI
2020-07-06,72.29000091552734,73.25,72.08999633789062,73.19999694824219,71.55962371826172,5194500,MCHI
2020-07-07,72.0,72.51000213623047,71.76000213623047,71.77999877929688,70.17144775390625,5283400,MCHI
2020-07-08,73.5999984741211,74.93000030517578,73.45999908447266,74.87000274658203,73.19220733642578,4557600,MCHI
2020-07-09,76.22000122070312,76.27999877929688,74.47000122070312,75.05000305175781,73.36817169189453,9225400,MCHI
2020-07-10,74.58999633789062,74.68000030517578,73.80000305175781,74.37000274658203,72.70341491699219,7432000,MCHI
2020-07-13,74.94000244140625,75.45999908447266,73.37000274658203,73.5199966430664,71.8724594116211,5407000,MCHI
2020-07-14,72.2300033569336,73.04000091552734,71.66000366210938,72.87999725341797,71.24679565429688,6293600,MCHI
2020-07-15,73.18000030517578,73.38999938964844,72.62000274658203,72.98999786376953,71.35433197021484,3568000,MCHI
2020-07-16,70.29000091552734,70.91999816894531,70.12999725341797,70.76000213623047,69.17430877685547,3728100,MCHI
2020-07-17,71.41000366210938,71.41000366210938,70.77999877929688,71.1500015258789,69.55557250976562,2652700,MCHI
2020-07-20,72.23999786376953,72.79000091552734,71.91999816894531,72.69000244140625,71.0610580444336,3160300,MCHI
2020-07-21,74.11000061035156,74.11000061035156,73.18000030517578,73.25,71.60850524902344,3427000,MCHI
2020-07-22,72.7300033569336,72.7300033569336,71.73999786376953,72.12999725341797,70.51360321044922,2902300,MCHI
2020-07-23,72.47000122070312,72.91999816894531,71.54000091552734,71.93000030517578,70.3180923461914,4977200,MCHI
2020-07-24,70.08999633789062,70.98999786376953,69.77999877929688,70.94000244140625,69.35028076171875,4787800,MCHI
2020-07-27,70.51000213623047,71.20999908447266,70.30000305175781,71.0199966430664,69.42847442626953,2764400,MCHI
2020-07-28,71.30999755859375,71.44999694824219,70.70999908447266,70.76000213623047,69.17430877685547,2753100,MCHI
2020-07-29,71.80999755859375,72.20999908447266,71.70999908447266,72.08999633789062,70.47450256347656,4133200,MCHI
2020-07-30,71.55000305175781,71.77999877929688,70.98999786376953,71.66000366210938,70.05413818359375,2991200,MCHI
2020-07-31,71.81999969482422,71.87000274658203,70.87999725341797,71.51000213623047,69.90750122070312,3233100,MCHI
2020-08-03,72.56999969482422,73.16000366210938,72.5199966430664,72.94000244140625,71.30545806884766,4624800,MCHI
2020-08-04,73.4800033569336,74.02999877929688,73.41000366210938,74.01000213623047,72.35148620605469,2558300,MCHI
2020-08-05,74.47000122070312,74.83000183105469,74.4000015258789,74.61000061035156,72.93803405761719,3108500,MCHI
2020-08-06,74.31999969482422,74.81999969482422,73.9000015258789,74.77999877929688,73.1042251586914,4016800,MCHI
2020-08-07,72.7699966430664,73.01000213623047,71.72000122070312,72.33999633789062,70.7188949584961,7227300,MCHI
2020-08-10,72.04000091552734,72.1500015258789,71.27999877929688,71.9000015258789,70.28876495361328,2593800,MCHI
2020-08-11,72.37999725341797,72.54000091552734,71.66999816894531,71.80999755859375,70.20077514648438,3421800,MCHI
2020-08-12,72.29000091552734,73.05000305175781,72.12999725341797,72.86000061035156,71.22724151611328,3679700,MCHI
2020-08-13,72.8499984741211,72.8499984741211,72.02999877929688,72.31999969482422,70.6993408203125,2828900,MCHI
2020-08-14,72.44999694824219,72.5199966430664,72.01000213623047,72.27999877929688,70.66024017333984,2656500,MCHI
2020-08-17,72.8499984741211,73.80999755859375,72.80999755859375,73.77999877929688,72.12663269042969,3902700,MCHI
2020-08-18,74.12000274658203,74.33000183105469,73.58999633789062,74.01000213623047,72.35148620605469,5019400,MCHI
2020-08-19,73.75,73.75,73.0199966430664,73.2300033569336,71.5889663696289,2804500,MCHI
2020-08-20,72.80999755859375,73.48999786376953,72.51000213623047,73.44999694824219,71.80402374267578,2267300,MCHI
2020-08-21,73.41000366210938,74.43000030517578,73.2699966430664,74.25,72.58610534667969,3171200,MCHI
2020-08-24,75.62000274658203,75.80999755859375,75.0199966430664,75.36000061035156,73.67122650146484,2945300,MCHI
2020-08-25,75.55000305175781,76.6500015258789,75.30999755859375,76.54000091552734,74.82478332519531,2760900,MCHI
2020-08-26,76.55999755859375,76.93000030517578,76.19000244140625,76.81999969482422,75.09850311279297,3114100,MCHI
2020-08-27,77.12000274658203,77.12000274658203,75.93000030517578,76.29000091552734,74.58038330078125,3246800,MCHI
2020-08-28,76.68000030517578,77.25,76.4800033569336,77.25,75.51885986328125,2539200,MCHI
2020-08-31,76.0999984741211,76.0999984741211,75.25,75.6500015258789,73.9547348022461,3369200,MCHI
2020-09-01,76.43000030517578,77.41999816894531,76.4000015258789,77.33999633789062,75.60684967041016,2961600,MCHI
2020-09-02,77.70999908447266,77.70999908447266,76.37000274658203,77.19000244140625,75.46021270751953,4970400,MCHI
2020-09-03,76.01000213623047,76.11000061035156,74.30999755859375,75.02999877929688,73.3486099243164,4275600,MCHI
2020-09-04,74.7699966430664,75.30999755859375,73.01000213623047,74.80999755859375,73.133544921875,6215700,MCHI
2020-09-08,72.47000122070312,73.25,72.18000030517578,72.63999938964844,71.01217651367188,3861900,MCHI
2020-09-09,73.04000091552734,73.52999877929688,72.6500015258789,73.31999969482422,71.67694091796875,3672500,MCHI
2020-09-10,73.12999725341797,73.31999969482422,71.83000183105469,71.91000366210938,70.29853820800781,2737300,MCHI
2020-09-11,73.0999984741211,73.36000061035156,72.29000091552734,72.7300033569336,71.10015869140625,3897500,MCHI
2020-09-14,73.72000122070312,73.91000366210938,73.43000030517578,73.80000305175781,72.14617919921875,2903600,MCHI
2020-09-15,74.91000366210938,75.04000091552734,74.58999633789062,74.81999969482422,73.14331817626953,2534000,MCHI
2020-09-16,75.01000213623047,75.1500015258789,74.5,74.55999755859375,72.88914489746094,3086400,MCHI
2020-09-17,73.69000244140625,74.33000183105469,73.5999984741211,74.08000183105469,72.41990661621094,3380000,MCHI
2020-09-18,74.5,74.5,73.73999786376953,73.98999786376953,72.33191680908203,3923900,MCHI
2020-09-21,72.80000305175781,73.70999908447266,72.31999969482422,73.70999908447266,72.0582046508789,3903300,MCHI
2020-09-22,73.41999816894531,73.5,72.58000183105469,73.23999786376953,71.59872436523438,1771100,MCHI
2020-09-23,73.31999969482422,73.41000366210938,72.38999938964844,72.47000122070312,70.84598541259766,3493200,MCHI
2020-09-24,71.47000122070312,72.25,71.27999877929688,71.88999938964844,70.27898406982422,4104300,MCHI
2020-09-25,71.11000061035156,71.62999725341797,70.48999786376953,71.5999984741211,69.99547576904297,3153300,MCHI
2020-09-28,72.44000244140625,72.58000183105469,72.05000305175781,72.48999786376953,70.86553955078125,2688500,MCHI
2020-09-29,72.1500015258789,72.5999984741211,72.1500015258789,72.4000015258789,70.77754974365234,2400900,MCHI
2020-09-30,73.23999786376953,74.37999725341797,73.18000030517578,74.16999816894531,72.50789642333984,3346000,MCHI
2020-10-01,74.91000366210938,75.02999877929688,74.37999725341797,74.8499984741211,73.17265319824219,2825800,MCHI
2020-10-02,73.58999633789062,74.75,73.55000305175781,73.98999786376953,72.33191680908203,2804800,MCHI
2020-10-05,74.16999816894531,74.41000366210938,73.93000030517578,74.38999938964844,72.72296142578125,1668900,MCHI
2020-10-06,74.81999969482422,75.66999816894531,74.66999816894531,75.04000091552734,73.3583984375,3268900,MCHI
2020-10-07,75.80000305175781,76.08999633789062,75.4000015258789,75.87999725341797,74.17957305908203,3643300,MCHI
2020-10-08,76.05000305175781,76.44999694824219,75.8499984741211,76.36000061035156,74.64881134033203,4052800,MCHI
2020-10-09,76.33999633789062,76.91999816894531,76.18000030517578,76.7699966430664,75.04962158203125,2834200,MCHI
2020-10-12,77.94999694824219,78.52999877929688,77.7300033569336,78.30999755859375,76.55511474609375,2702400,MCHI
2020-10-13,78.27999877929688,78.55999755859375,77.86000061035156,78.36000061035156,76.60400390625,3952800,MCHI
2020-10-14,78.4000015258789,78.47000122070312,77.48999786376953,77.5999984741211,75.86102294921875,4232100,MCHI
2020-10-15,76.33999633789062,77.05000305175781,76.12000274658203,76.94000244140625,75.2158203125,6204000,MCHI
2020-10-16,77.7699966430664,78.08999633789062,77.4800033569336,77.80999755859375,76.06632232666016,2352600,MCHI
2020-10-19,77.91999816894531,78.33000183105469,77.16999816894531,77.33999633789062,75.60684967041016,3101200,MCHI
2020-10-20,77.97000122070312,78.63999938964844,77.91999816894531,78.2699966430664,76.51599884033203,2283600,MCHI
2020-10-21,78.6500015258789,79.05999755859375,78.4000015258789,78.45999908447266,76.70175170898438,3996600,MCHI
2020-10-22,78.66999816894531,78.79000091552734,77.87000274658203,78.22000122070312,76.46713256835938,3305100,MCHI
2020-10-23,78.16000366210938,78.54000091552734,77.55000305175781,78.52999877929688,76.77017974853516,2631700,MCHI
2020-10-26,77.80000305175781,78.44000244140625,77.08000183105469,77.83999633789062,76.09564208984375,5077400,MCHI
2020-10-27,78.16999816894531,79.23999786376953,77.95999908447266,79.11000061035156,77.33718872070312,4546700,MCHI
2020-10-28,78.2699966430664,78.33999633789062,77.29000091552734,77.55000305175781,75.8121566772461,3371900,MCHI
2020-10-29,78.69999694824219,79.41000366210938,78.54000091552734,79.08999633789062,77.31763458251953,4880100,MCHI
2020-10-30,78.29000091552734,78.4000015258789,77.30999755859375,77.72000122070312,75.97833251953125,6350800,MCHI
2020-11-02,79.08000183105469,79.0999984741211,78.27999877929688,79.0,77.22965240478516,3664100,MCHI
2020-11-03,77.80000305175781,78.48999786376953,77.16000366210938,78.0,76.25205993652344,4678700,MCHI
2020-11-04,79.87000274658203,81.75,79.58999633789062,81.44000244140625,79.61498260498047,8426000,MCHI
2020-11-05,82.94000244140625,82.94000244140625,81.37999725341797,82.36000061035156,80.51435852050781,4419800,MCHI
2020-11-06,82.12000274658203,83.08999633789062,81.70999908447266,82.80999755859375,80.95426940917969,4868800,MCHI
2020-11-09,84.66999816894531,84.72000122070312,81.94000244140625,82.05000305175781,80.21131134033203,8125800,MCHI
2020-11-10,80.69999694824219,80.87000274658203,78.94000244140625,79.33999633789062,77.56202697753906,6510300,MCHI
2020-11-11,78.45999908447266,79.87999725341797,78.2699966430664,79.68000030517578,77.89441680908203,6074700,MCHI
2020-11-12,80.69000244140625,81.12000274658203,79.54000091552734,79.73999786376953,77.95306396484375,4288700,MCHI
2020-11-13,80.69999694824219,81.04000091552734,79.83000183105469,80.45999908447266,78.65693664550781,3928500,MCHI
2020-11-16,80.69000244140625,81.02999877929688,80.3499984741211,80.66000366210938,78.85245513916016,5444200,MCHI
2020-11-17,80.19999694824219,80.56999969482422,79.91000366210938,80.31999969482422,78.52007293701172,2447200,MCHI
2020-11-18,80.45999908447266,80.52999877929688,79.62000274658203,79.87000274658203,78.08016204833984,3685600,MCHI
2020-11-19,79.51000213623047,80.45999908447266,79.47000122070312,80.27999877929688,78.48096466064453,3531700,MCHI
2020-11-20,80.9000015258789,81.69000244140625,80.75,81.5,79.67362976074219,1974000,MCHI
2020-11-23,81.95999908447266,81.98999786376953,80.83000183105469,81.12999725341797,79.31192016601562,2759000,MCHI
2020-11-24,81.91999816894531,82.05000305175781,81.20999908447266,82.05000305175781,80.21131134033203,5010500,MCHI
2020-11-25,80.83999633789062,81.26000213623047,80.68000030517578,81.23999786376953,79.41944885253906,3289000,MCHI
2020-11-27,82.37999725341797,82.62000274658203,82.16999816894531,82.43000030517578,80.5827865600586,2017100,MCHI
2020-11-30,81.08000183105469,81.08000183105469,79.75,79.80999755859375,78.02149963378906,4330800,MCHI
2020-12-01,81.0,81.06999969482422,80.31999969482422,80.44000244140625,78.63738250732422,3189000,MCHI
2020-12-02,79.66000366210938,80.12000274658203,79.23999786376953,79.95999908447266,78.16813659667969,7132000,MCHI
2020-12-03,80.36000061035156,81.08000183105469,80.3499984741211,80.69999694824219,78.89155578613281,3883500,MCHI
2020-12-04,81.12000274658203,81.19999694824219,80.5199966430664,80.73999786376953,78.93065643310547,3346900,MCHI
2020-12-07,80.06999969482422,80.58000183105469,80.01000213623047,80.33000183105469,78.52985382080078,3645600,MCHI
2020-12-08,80.33000183105469,80.58999633789062,79.91999816894531,80.58000183105469,78.77425384521484,2285100,MCHI
2020-12-09,80.33999633789062,80.37999725341797,79.0,79.23999786376953,77.46427154541016,3168700,MCHI
2020-12-10,79.19999694824219,80.4800033569336,79.08000183105469,80.3499984741211,78.54939270019531,3015200,MCHI
2020-12-11,79.69000244140625,79.91999816894531,79.41999816894531,79.5999984741211,77.81620025634766,3044900,MCHI
2020-12-14,79.02999877929688,79.02999877929688,78.4800033569336,78.52999877929688,77.35716247558594,3099200,MCHI
2020-12-15,78.70999908447266,78.9000015258789,78.30000305175781,78.87000274658203,77.69208526611328,2957900,MCHI
2020-12-16,79.30000305175781,79.70999908447266,79.16000366210938,79.51000213623047,78.3225326538086,2635300,MCHI
2020-12-17,80.43000030517578,80.56999969482422,79.97000122070312,80.38999938964844,79.18939208984375,2740500,MCHI
2020-12-18,80.29000091552734,80.47000122070312,80.04000091552734,80.33999633789062,79.14012908935547,3930200,MCHI
2020-12-21,79.27999877929688,80.22000122070312,79.13999938964844,79.95999908447266,78.76580810546875,3117200,MCHI
2020-12-22,79.81999969482422,79.83000183105469,79.22000122070312,79.33999633789062,78.15505981445312,3216600,MCHI
2020-12-23,80.04000091552734,80.04000091552734,79.51000213623047,79.80000305175781,78.60820007324219,1827900,MCHI
2020-12-24,78.23999786376953,78.47000122070312,77.0,77.62000274658203,76.46076202392578,3093200,MCHI
2020-12-28,77.5,77.80000305175781,77.06999969482422,77.4000015258789,76.2440414428711,4229300,MCHI
2020-12-29,78.36000061035156,79.30999755859375,78.19999694824219,79.16000366210938,77.9777603149414,3199900,MCHI
2020-12-30,80.69999694824219,81.13999938964844,80.41999816894531,80.91999816894531,79.71147155761719,3483000,MCHI
2020-12-31,81.77999877929688,81.83999633789062,80.44999694824219,80.97000122070312,79.76073455810547,2780600,MCHI
2021-01-04,81.94999694824219,82.26000213623047,80.87999725341797,81.23999786376953,80.02668762207031,4094900,MCHI
2021-01-05,82.22000122070312,83.87999725341797,82.16999816894531,83.8499984741211,82.59770202636719,4352700,MCHI
2021-01-06,83.48999786376953,83.83999633789062,81.9000015258789,82.12000274658203,80.8935546875,5475100,MCHI
2021-01-07,82.7300033569336,82.83999633789062,81.76000213623047,82.75,81.5141372680664,3910600,MCHI
2021-01-08,83.62000274658203,85.47000122070312,83.37000274658203,85.44999694824219,84.17381286621094,4722700,MCHI
2021-01-11,84.11000061035156,84.43000030517578,83.58999633789062,83.62999725341797,82.38098907470703,3127800,MCHI
2021-01-12,84.56999969482422,85.13999938964844,84.31999969482422,84.5999984741211,83.33650207519531,3701000,MCHI
2021-01-13,84.72000122070312,85.93000030517578,84.41999816894531,85.30999755859375,84.03590393066406,3375900,MCHI
2021-01-14,86.62000274658203,86.68000030517578,85.76000213623047,85.83000183105469,84.54814147949219,4308900,MCHI
2021-01-15,86.05999755859375,86.2699966430664,85.44000244140625,85.6500015258789,84.37083435058594,4764300,MCHI
2021-01-19,88.61000061035156,88.81999969482422,88.29000091552734,88.72000122070312,87.39498138427734,3258500,MCHI
2021-01-20,91.30000305175781,91.58999633789062,90.76000213623047,91.4000015258789,90.03495025634766,3896200,MCHI
2021-01-21,91.19999694824219,91.25,90.37000274658203,91.0999984741211,89.73942565917969,5170600,MCHI
2021-01-22,90.33000183105469,91.41999816894531,90.30000305175781,91.05999755859375,89.70002746582031,5298400,MCHI
2021-01-25,93.6500015258789,94.02999877929688,92.19000244140625,92.91000366210938,91.52239990234375,7669100,MCHI
2021-01-26,92.01000213623047,92.12000274658203,91.5,92.05000305175781,90.67524719238281,3707100,MCHI
2021-01-27,89.6500015258789,90.23999786376953,89.06999969482422,89.12000274658203,87.78900909423828,4253200,MCHI
2021-01-28,88.2300033569336,89.41999816894531,88.01000213623047,89.0999984741211,87.76930236816406,5149000,MCHI
2021-01-29,87.91999816894531,88.55999755859375,87.08000183105469,87.5199966430664,86.21289825439453,3139800,MCHI
2021-02-01,89.44000244140625,90.18000030517578,89.04000091552734,90.08999633789062,88.74451446533203,3221500,MCHI
2021-02-02,91.26000213623047,91.2699966430664,90.38999938964844,90.98999786376953,89.63107299804688,3243000,MCHI
2021-02-03,91.98999786376953,92.26000213623047,91.55999755859375,91.80000305175781,90.4289779663086,5760000,MCHI
2021-02-04,91.87000274658203,91.91999816894531,91.36000061035156,91.83000183105469,90.45853424072266,3044000,MCHI
2021-02-05,92.01000213623047,92.44000244140625,91.62999725341797,92.4000015258789,91.02001953125,2437100,MCHI
2021-02-08,92.43000030517578,92.70999908447266,92.26000213623047,92.5199966430664,91.13822174072266,2178400,MCHI
2021-02-09,93.05999755859375,94.37999725341797,93.05999755859375,94.27999877929688,92.87194061279297,3790900,MCHI
2021-02-10,95.5999984741211,95.97000122070312,94.25,95.05000305175781,93.63044738769531,3915000,MCHI
2021-02-11,96.19999694824219,97.01000213623047,96.02999877929688,96.51000213623047,95.06864166259766,5547300,MCHI
2021-02-12,96.22000122070312,96.87000274658203,95.69999694824219,96.37999725341797,94.9405746459961,2014700,MCHI
2021-02-16,97.0,97.25,96.33999633789062,96.55999755859375,95.11788177490234,2647700,MCHI
2021-02-17,97.37999725341797,97.55000305175781,96.44000244140625,97.19000244140625,95.73847961425781,2851400,MCHI
2021-02-18,94.58999633789062,94.95999908447266,93.70999908447266,94.9000015258789,93.48268127441406,3643400,MCHI
2021-02-19,95.94999694824219,96.2699966430664,95.41999816894531,95.6500015258789,94.22148132324219,2200700,MCHI
2021-02-22,92.47000122070312,92.95999908447266,91.68000030517578,91.7300033569336,90.36002349853516,5747600,MCHI
2021-02-23,90.55000305175781,92.26000213623047,88.8499984741211,91.93000030517578,90.55703735351562,4944200,MCHI
2021-02-24,89.62000274658203,90.12999725341797,88.4000015258789,90.08999633789062,88.74451446533203,4760500,MCHI
2021-02-25,90.08999633789062,90.33000183105469,87.91999816894531,88.0999984741211,86.78424072265625,4982000,MCHI
2021-02-26,87.37999725341797,87.9800033569336,86.31999969482422,87.11000061035156,85.80902099609375,6173900,MCHI
2021-03-01,88.86000061035156,89.91999816894531,88.70999908447266,89.80999755859375,88.46869659423828,2652100,MCHI
2021-03-02,88.9000015258789,89.0,87.87999725341797,87.91999816894531,86.60692596435547,2659600,MCHI
2021-03-03,88.94999694824219,89.30000305175781,87.22000122070312,87.5,86.19319915771484,6228300,MCHI
2021-03-04,86.16999816894531,86.62999725341797,84.06999969482422,84.80000305175781,83.53352355957031,6769800,MCHI
2021-03-05,85.69000244140625,85.69000244140625,83.05000305175781,85.19000244140625,83.9177017211914,7831100,MCHI
2021-03-08,82.6500015258789,82.7699966430664,81.1500015258789,81.27999877929688,80.06609344482422,6116400,MCHI
2021-03-09,83.12999725341797,85.01000213623047,83.08000183105469,84.5999984741211,83.33650207519531,5983900,MCHI
2021-03-10,85.2300033569336,85.2300033569336,82.79000091552734,83.12000274658203,81.87861633300781,4991400,MCHI
2021-03-11,85.88999938964844,87.0,85.41000366210938,86.94000244140625,85.64156341552734,6417100,MCHI
2021-03-12,84.19999694824219,84.58999633789062,83.69000244140625,84.55000305175781,83.28726196289062,4716500,MCHI
2021-03-15,83.70999908447266,84.43000030517578,83.2699966430664,84.36000061035156,83.10009765625,3146300,MCHI
2021-03-16,84.7699966430664,85.37999725341797,84.44999694824219,84.87000274658203,83.60247802734375,2728300,MCHI
2021-03-17,84.18000030517578,85.55000305175781,83.63999938964844,85.0999984741211,83.82904815673828,4135100,MCHI
2021-03-18,85.0,85.12000274658203,84.16999816894531,84.29000091552734,83.03114318847656,4567900,MCHI
2021-03-19,83.94000244140625,84.91000366210938,83.62999725341797,84.9000015258789,83.63203430175781,3765400,MCHI
2021-03-22,84.63999938964844,84.87000274658203,84.16999816894531,84.5999984741211,83.33650207519531,2254200,MCHI
2021-03-23,83.27999877929688,83.62000274658203,82.88999938964844,82.91999816894531,81.68159484863281,3206700,MCHI
2021-03-24,81.88999938964844,81.88999938964844,79.33000183105469,79.33999633789062,78.15505981445312,5656700,MCHI
2021-03-25,79.12000274658203,80.04000091552734,79.0,79.33000183105469,78.14521789550781,5498800,MCHI
2021-03-26,80.0999984741211,81.43000030517578,79.04000091552734,81.3499984741211,80.13504791259766,4782400,MCHI
2021-03-29,80.63999938964844,81.16000366210938,80.37000274658203,80.7699966430664,79.56371307373047,4169600,MCHI
2021-03-30,80.94999694824219,81.69000244140625,80.51000213623047,81.54000091552734,80.32221221923828,3104200,MCHI
2021-03-31,81.26000213623047,81.9800033569336,81.16999816894531,81.69999694824219,80.47981262207031,5859600,MCHI
2021-04-01,83.8499984741211,83.94999694824219,82.8499984741211,82.91999816894531,81.68159484863281,2819900,MCHI
2021-04-05,83.76000213623047,83.76000213623047,82.86000061035156,83.0999984741211,81.8589096069336,1763100,MCHI
2021-04-06,83.0199966430664,84.45999908447266,82.73999786376953,83.94999694824219,82.69621276855469,2787300,MCHI
2021-04-07,81.31999969482422,81.79000091552734,81.05000305175781,81.54000091552734,80.32221221923828,4670400,MCHI
2021-04-08,82.83999633789062,83.04000091552734,82.51000213623047,82.61000061035156,81.37623596191406,3393000,MCHI
2021-04-09,81.43000030517578,81.52999877929688,81.12000274658203,81.37999725341797,80.16460418701172,3090600,MCHI
2021-04-12,81.33000183105469,81.58999633789062,80.98999786376953,81.5,80.28280639648438,3080900,MCHI
2021-04-13,81.0199966430664,81.9000015258789,81.0199966430664,81.66000366210938,80.44042205810547,2466900,MCHI
2021-04-14,82.26000213623047,82.52999877929688,81.41000366210938,81.5199966430664,80.3025131225586,5205300,MCHI
2021-04-15,81.80000305175781,82.0199966430664,81.62999725341797,81.80000305175781,80.57833099365234,2589000,MCHI
2021-04-16,82.47000122070312,82.4800033569336,81.88999938964844,82.19000244140625,80.96250915527344,1837100,MCHI
2021-04-19,82.25,82.51000213623047,81.70999908447266,82.16000366210938,80.93295288085938,1860600,MCHI
2021-04-20,82.04000091552734,82.43000030517578,81.12999725341797,81.4800033569336,80.26310729980469,2404500,MCHI
2021-04-21,81.26000213623047,82.19000244140625,80.93000030517578,82.12999725341797,80.90340423583984,2186500,MCHI
2021-04-22,82.36000061035156,83.04000091552734,82.11000061035156,82.5199966430664,81.2875747680664,2247300,MCHI
2021-04-23,83.44999694824219,83.98999786376953,83.3499984741211,83.79000091552734,82.53860473632812,2079500,MCHI
2021-04-26,82.4000015258789,83.0,82.33000183105469,82.87000274658203,81.63235473632812,2211600,MCHI
2021-04-27,83.19000244140625,83.4800033569336,82.9800033569336,83.23999786376953,81.99681854248047,1517900,MCHI
2021-04-28,83.5999984741211,84.20999908447266,83.4800033569336,83.73999786376953,82.4893569946289,1858500,MCHI
2021-04-29,84.12000274658203,84.2300033569336,82.58999633789062,83.30000305175781,82.05592346191406,3060800,MCHI
2021-04-30,82.20999908447266,82.54000091552734,81.83000183105469,81.9800033569336,80.75564575195312,2312000,MCHI
2021-05-03,81.91000366210938,82.5199966430664,81.63999938964844,81.7699966430664,80.54876708984375,4148800,MCHI
2021-05-04,81.63999938964844,81.69999694824219,80.25,80.79000091552734,79.58341217041016,2285400,MCHI
2021-05-05,81.2300033569336,81.4000015258789,80.72000122070312,80.76000213623047,79.5538558959961,1603200,MCHI
2021-05-06,81.0,81.16000366210938,80.37999725341797,80.8499984741211,79.64251708984375,2707800,MCHI
2021-05-07,80.86000061035156,81.4000015258789,80.66999816894531,80.7699966430664,79.56371307373047,2815700,MCHI
2021-05-10,79.94999694824219,79.94999694824219,78.33000183105469,78.3499984741211,77.17985534667969,4374700,MCHI
2021-05-11,77.0,79.04000091552734,76.93000030517578,78.94999694824219,77.77088928222656,2960700,MCHI
2021-05-12,78.80000305175781,79.06999969482422,77.83000183105469,78.0,76.83507537841797,3450300,MCHI
2021-05-13,77.93000030517578,78.1500015258789,76.20999908447266,76.69000244140625,75.54464721679688,4691600,MCHI
2021-05-14,77.69999694824219,78.45999908447266,77.22000122070312,78.23999786376953,77.07149505615234,2884400,MCHI
2021-05-17,78.77999877929688,79.2699966430664,78.62000274658203,79.0999984741211,77.91865539550781,2632600,MCHI
2021-05-18,79.52999877929688,80.38999938964844,79.4800033569336,79.9000015258789,78.70671081542969,4744800,MCHI
2021-05-19,78.97000122070312,80.0999984741211,78.91999816894531,79.94999694824219,78.75595092773438,3462200,MCHI
2021-05-20,80.26000213623047,80.79000091552734,80.05999755859375,80.56999969482422,79.36669921875,2337300,MCHI
2021-05-21,80.30999755859375,80.30999755859375,79.26000213623047,79.37999725341797,78.19446563720703,3093800,MCHI
2021-05-24,79.58999633789062,79.9000015258789,79.2699966430664,79.5999984741211,78.41117858886719,2288100,MCHI
2021-05-25,81.20999908447266,81.70999908447266,81.08000183105469,81.29000091552734,80.07594299316406,2082200,MCHI
2021-05-26,81.87999725341797,81.94999694824219,81.54000091552734,81.81999969482422,80.5980224609375,1990700,MCHI
2021-05-27,81.9800033569336,82.16999816894531,81.5199966430664,82.16999816894531,80.94279479980469,3152100,MCHI
2021-05-28,81.36000061035156,82.0999984741211,81.3499984741211,81.83999633789062,80.61772918701172,1932200,MCHI
2021-06-01,84.22000122070312,84.2300033569336,83.45999908447266,84.08000183105469,82.82427978515625,2134600,MCHI
2021-06-02,83.83999633789062,83.83999633789062,83.36000061035156,83.66000366210938,82.4105453491211,5909600,MCHI
2021-06-03,82.37000274658203,82.52999877929688,81.8499984741211,82.01000213623047,80.78519439697266,3329800,MCHI
2021-06-04,82.41000366210938,82.7699966430664,82.37999725341797,82.69999694824219,81.46488189697266,2164200,MCHI
2021-06-07,82.06999969482422,82.0999984741211,81.4800033569336,81.95999908447266,80.7359390258789,2299800,MCHI
2021-06-08,81.7699966430664,81.83000183105469,81.12999725341797,81.4800033569336,80.26310729980469,1420700,MCHI
2021-06-09,81.66000366210938,82.08000183105469,81.3499984741211,81.36000061035156,80.1448974609375,1773300,MCHI
2021-06-10,81.52999877929688,81.88999938964844,81.2300033569336,81.76000213623047,80.71452331542969,2355000,MCHI
2021-06-11,81.5,81.5199966430664,81.0999984741211,81.4800033569336,80.43810272216797,2283100,MCHI
2021-06-14,81.48999786376953,81.83999633789062,81.2300033569336,81.6500015258789,80.60592651367188,3208900,MCHI
2021-06-15,81.19000244140625,81.19000244140625,80.43000030517578,80.43000030517578,79.40152740478516,2545700,MCHI
2021-06-16,79.86000061035156,80.19000244140625,79.0,79.18000030517578,78.16751098632812,3779200,MCHI
2021-06-17,79.95999908447266,80.63999938964844,79.7300033569336,80.43000030517578,79.40152740478516,3719300,MCHI
2021-06-18,80.37999725341797,80.63999938964844,80.22000122070312,80.31999969482422,79.29293823242188,2900800,MCHI
2021-06-21,80.02999877929688,80.31999969482422,79.54000091552734,80.2699966430664,79.24356842041016,2150400,MCHI
2021-06-22,79.7300033569336,79.83999633789062,79.43000030517578,79.69000244140625,78.67098999023438,5028700,MCHI
2021-06-23,80.54000091552734,81.25,80.52999877929688,80.72000122070312,79.68782043457031,4122100,MCHI
2021-06-24,81.18000030517578,81.75,81.05999755859375,81.63999938964844,80.59605407714844,2200800,MCHI
2021-06-25,82.80999755859375,83.11000061035156,82.43000030517578,83.0199966430664,81.95840454101562,4143900,MCHI
2021-06-28,83.31999969482422,83.70999908447266,83.26000213623047,83.51000213623047,82.44214630126953,3038300,MCHI
2021-06-29,82.66999816894531,83.3499984741211,82.33999633789062,83.31999969482422,82.25457000732422,2432200,MCHI
2021-06-30,82.51000213623047,82.7699966430664,82.31999969482422,82.44000244140625,81.38582611083984,3496700,MCHI
2021-07-01,82.48999786376953,82.72000122070312,81.30999755859375,81.7699966430664,80.72439575195312,2665900,MCHI
2021-07-02,80.80000305175781,80.81999969482422,80.27999877929688,80.56999969482422,79.53974151611328,2202300,MCHI
2021-07-06,78.81999969482422,79.0199966430664,78.11000061035156,78.33000183105469,77.32838439941406,3017400,MCHI
2021-07-07,78.9800033569336,79.08000183105469,77.9000015258789,78.01000213623047,77.0124740600586,3733700,MCHI
2021-07-08,75.51000213623047,76.02999877929688,75.19000244140625,75.75,74.7813720703125,6318800,MCHI
2021-07-09,77.0,77.91000366210938,76.7300033569336,77.7300033569336,76.73605346679688,2423100,MCHI
2021-07-12,77.5,77.61000061035156,77.04000091552734,77.47000122070312,76.47937774658203,1611000,MCHI
2021-07-13,78.18000030517578,78.95999908447266,78.11000061035156,78.33000183105469,77.32838439941406,2531800,MCHI
2021-07-14,79.01000213623047,79.01000213623047,78.12999725341797,78.2300033569336,77.22966003417969,2930600,MCHI
2021-07-15,78.86000061035156,79.41000366210938,78.62999725341797,78.94999694824219,77.94044494628906,3869200,MCHI
2021-07-16,78.94999694824219,79.0,77.83999633789062,78.01000213623047,77.0124740600586,5161500,MCHI
2021-07-19,76.63999938964844,76.97000122070312,76.19999694824219,76.97000122070312,75.98577117919922,4207000,MCHI
2021-07-20,76.36000061035156,77.08999633789062,76.12000274658203,76.83999633789062,75.85742950439453,2928400,MCHI
2021-07-21,76.58999633789062,77.54000091552734,76.41999816894531,77.54000091552734,76.54847717285156,2217300,MCHI
2021-07-22,77.5999984741211,77.79000091552734,77.2300033569336,77.52999877929688,76.53861236572266,4602900,MCHI
2021-07-23,75.31999969482422,75.38999938964844,74.18000030517578,74.83999633789062,73.88301086425781,4977200,MCHI
2021-07-26,71.41000366210938,72.11000061035156,70.37999725341797,70.62999725341797,69.72683715820312,7900100,MCHI
2021-07-27,67.5,67.98999786376953,66.16000366210938,67.79000091552734,66.92315673828125,10704500,MCHI
2021-07-28,69.94000244140625,72.23999786376953,69.87999725341797,71.9800033569336,71.05958557128906,8115000,MCHI
2021-07-29,72.63999938964844,72.63999938964844,71.1500015258789,71.72000122070312,70.80290222167969,7454400,MCHI
2021-07-30,70.44000244140625,71.5199966430664,70.30999755859375,71.2699966430664,70.35865783691406,3813100,MCHI
2021-08-02,71.87000274658203,72.62999725341797,71.7300033569336,72.22000122070312,71.2965087890625,4496500,MCHI
2021-08-03,71.36000061035156,71.4000015258789,70.8499984741211,71.37000274658203,70.45738220214844,3266200,MCHI
2021-08-04,72.19000244140625,72.8499984741211,72.13999938964844,72.4000015258789,71.47421264648438,3759400,MCHI
2021-08-05,71.52999877929688,71.91999816894531,71.27999877929688,71.55999755859375,70.64494323730469,2555500,MCHI
2021-08-06,71.47000122070312,71.47000122070312,70.43000030517578,70.68000030517578,69.77619934082031,4227100,MCHI
2021-08-09,71.38999938964844,72.16000366210938,71.27999877929688,71.94000244140625,71.02009582519531,3707500,MCHI
2021-08-10,73.08999633789062,73.13999938964844,72.38999938964844,72.58000183105469,71.65190887451172,2834600,MCHI
2021-08-11,73.30000305175781,73.36000061035156,72.4000015258789,72.75,71.81973266601562,2118400,MCHI
2021-08-12,71.86000061035156,71.95999908447266,71.33999633789062,71.58000183105469,70.6646957397461,3210600,MCHI
2021-08-13,71.30999755859375,71.41000366210938,70.86000061035156,71.19999694824219,70.28955078125,3218900,MCHI
2021-08-16,70.06999969482422,70.13999938964844,69.5199966430664,69.83999633789062,68.94694519042969,2830100,MCHI
2021-08-17,67.69000244140625,68.5199966430664,67.55999755859375,67.83999633789062,66.97251892089844,6179000,MCHI
2021-08-18,68.4800033569336,69.01000213623047,68.30000305175781,68.30000305175781,67.42664337158203,5291900,MCHI
2021-08-19,66.79000091552734,67.26000213623047,66.33000183105469,66.55000305175781,65.69902038574219,5138800,MCHI
2021-08-20,65.98999786376953,66.93000030517578,65.93000030517578,66.12999725341797,65.28438568115234,4402100,MCHI
2021-08-23,66.80000305175781,67.66000366210938,66.5199966430664,67.56999969482422,66.70597076416016,7938200,MCHI
2021-08-24,69.56999969482422,70.56999969482422,69.5,70.5199966430664,69.61824035644531,6184400,MCHI
2021-08-25,70.0999984741211,70.0999984741211,69.58000183105469,69.98999786376953,69.09502410888672,4689600,MCHI
2021-08-26,69.37000274658203,69.5,68.8499984741211,68.91000366210938,68.02883911132812,2567700,MCHI
2021-08-27,69.12999725341797,69.2300033569336,68.6500015258789,68.9800033569336,68.09794616699219,2435600,MCHI
2021-08-30,68.80999755859375,69.31999969482422,68.25,69.23999786376953,68.3546142578125,3894900,MCHI
2021-08-31,70.5,70.91000366210938,70.27999877929688,70.79000091552734,69.88479614257812,4682500,MCHI
2021-09-01,71.51000213623047,72.88999938964844,71.37999725341797,72.5999984741211,71.6716537475586,5959700,MCHI
2021-09-02,72.66000366210938,72.68000030517578,71.95999908447266,72.08999633789062,71.16816711425781,2611600,MCHI
2021-09-03,71.73999786376953,72.20999908447266,71.63999938964844,72.04000091552734,71.11881256103516,2135400,MCHI
2021-09-07,73.5,74.18000030517578,73.37000274658203,73.94000244140625,72.99452209472656,4905700,MCHI
2021-09-08,73.83999633789062,73.83999633789062,72.5,72.80000305175781,71.86909484863281,6991000,MCHI
2021-09-09,71.58999633789062,72.4000015258789,71.4000015258789,72.1500015258789,71.22740173339844,4915800,MCHI
2021-09-10,72.87999725341797,73.04000091552734,71.8499984741211,71.88999938964844,70.97073364257812,3977900,MCHI
2021-09-13,71.56999969482422,71.86000061035156,70.94000244140625,71.61000061035156,70.6943130493164,4682000,MCHI
2021-09-14,70.58999633789062,70.72000122070312,70.0,70.11000061035156,69.21349334716797,3491100,MCHI
2021-09-15,69.25,69.41999816894531,68.55999755859375,69.3499984741211,68.46321105957031,4459000,MCHI
2021-09-16,68.0199966430664,68.37999725341797,67.66000366210938,68.16000366210938,67.2884292602539,3795900,MCHI
2021-09-17,69.08999633789062,69.2300033569336,68.58000183105469,68.91000366210938,68.02883911132812,4563000,MCHI
2021-09-20,66.76000213623047,67.08999633789062,65.55999755859375,66.16000366210938,65.31401062011719,6667000,MCHI
2021-09-21,66.79000091552734,67.0199966430664,66.54000091552734,66.83999633789062,65.98529815673828,3893800,MCHI
2021-09-22,67.69000244140625,68.80000305175781,67.63999938964844,68.16000366210938,67.2884292602539,6003300,MCHI
2021-09-23,67.8499984741211,68.05999755859375,67.4800033569336,68.0,67.13047790527344,4944500,MCHI
2021-09-24,66.98999786376953,67.0,66.43000030517578,66.61000061035156,65.75824737548828,2946800,MCHI
2021-09-27,66.70999908447266,67.69000244140625,66.36000061035156,67.55000305175781,66.68622589111328,4451400,MCHI
2021-09-28,67.83000183105469,68.05999755859375,66.98999786376953,67.37000274658203,66.50852966308594,5041000,MCHI
2021-09-29,67.23999786376953,67.55000305175781,66.56999969482422,66.61000061035156,65.75824737548828,3871100,MCHI
2021-09-30,67.29000091552734,68.01000213623047,67.2699966430664,67.52999877929688,66.6664810180664,5731900,MCHI
2021-10-01,67.37000274658203,67.62000274658203,66.30000305175781,66.87000274658203,66.01492309570312,3444900,MCHI
2021-10-04,65.9800033569336,66.05999755859375,64.94999694824219,65.44999694824219,64.61307525634766,6013400,MCHI
2021-10-05,65.61000061035156,66.47000122070312,65.51000213623047,66.16000366210938,65.31401062011719,2575400,MCHI
2021-10-06,65.11000061035156,66.06999969482422,65.0199966430664,65.94999694824219,65.10668182373047,3374400,MCHI
2021-10-07,67.61000061035156,68.98999786376953,67.48999786376953,68.63999938964844,67.76229095458984,6029000,MCHI
2021-10-08,68.98999786376953,69.36000061035156,68.62000274658203,69.16999816894531,68.28550720214844,3413200,MCHI
2021-10-11,70.0999984741211,70.12999725341797,68.98999786376953,69.02999877929688,68.14730072021484,4222000,MCHI
2021-10-12,69.16999816894531,69.45999908447266,68.55000305175781,68.5999984741211,67.7228012084961,4475300,MCHI
2021-10-13,69.4800033569336,70.3499984741211,69.4000015258789,70.20999908447266,69.31221008300781,4418100,MCHI
2021-10-14,70.0199966430664,70.19000244140625,69.2300033569336,69.68000030517578,68.78899383544922,4913600,MCHI
2021-10-15,70.01000213623047,70.76000213623047,69.81999969482422,70.43000030517578,69.5293960571289,4521800,MCHI
2021-10-18,70.36000061035156,71.08000183105469,70.30000305175781,70.73999786376953,69.83543395996094,3210600,MCHI
2021-10-19,71.66999816894531,72.62000274658203,71.51000213623047,72.55000305175781,71.6222915649414,4018800,MCHI
2021-10-20,73.05000305175781,73.12999725341797,72.27999877929688,72.61000061035156,71.6815185546875,2887800,MCHI
2021-10-21,72.23999786376953,72.72000122070312,72.19000244140625,72.47000122070312,71.54331970214844,5384200,MCHI
2021-10-22,72.91999816894531,73.47000122070312,72.22000122070312,72.4800033569336,71.55318450927734,5271400,MCHI
2021-10-25,72.6500015258789,72.83999633789062,72.08999633789062,72.72000122070312,71.79012298583984,2778700,MCHI
2021-10-26,72.33000183105469,72.36000061035156,70.98999786376953,71.12000274658203,70.21057891845703,4076300,MCHI
2021-10-27,70.4000015258789,71.16000366210938,70.25,70.3499984741211,69.45042419433594,7822100,MCHI
2021-10-28,70.0199966430664,70.43000030517578,69.5999984741211,70.4000015258789,69.4997787475586,3993900,MCHI
2021-10-29,69.77999877929688,69.88999938964844,68.8499984741211,69.23999786376953,68.3546142578125,5052100,MCHI
2021-11-01,68.87999725341797,70.33000183105469,68.86000061035156,70.31999969482422,69.42080688476562,4839500,MCHI
2021-11-02,68.87999725341797,68.87999725341797,68.19000244140625,68.33000183105469,67.45625305175781,4242000,MCHI
2021-11-03,68.72000122070312,69.06999969482422,68.36000061035156,69.0,68.11768341064453,3618900,MCHI
2021-11-04,69.56999969482422,69.63999938964844,68.52999877929688,68.7699966430664,67.89061737060547,3237200,MCHI
2021-11-05,68.4800033569336,68.55999755859375,67.37999725341797,67.6500015258789,66.78495025634766,3719500,MCHI
2021-11-08,68.20999908447266,68.37000274658203,67.97000122070312,68.31999969482422,67.44638061523438,3031100,MCHI
2021-11-09,68.04000091552734,68.5,67.56999969482422,67.76000213623047,66.89353942871094,2947200,MCHI
2021-11-10,68.37999725341797,69.0199966430664,67.95999908447266,68.41999816894531,67.54509735107422,4091100,MCHI
2021-11-11,69.83999633789062,70.66000366210938,69.75,70.6500015258789,69.74658966064453,5030800,MCHI
2021-11-12,70.41999816894531,70.79000091552734,70.0999984741211,70.66000366210938,69.75646209716797,11464500,MCHI
2021-11-15,70.66000366210938,70.72000122070312,70.04000091552734,70.13999938964844,69.24311065673828,4468300,MCHI
2021-11-16,71.01000213623047,71.19000244140625,70.55000305175781,70.98999786376953,70.08223724365234,4268500,MCHI
2021-11-17,71.2300033569336,71.2300033569336,70.01000213623047,70.2699966430664,69.37144470214844,3761300,MCHI
2021-11-18,68.83999633789062,68.9000015258789,67.91999816894531,68.31999969482422,67.44638061523438,5744900,MCHI
2021-11-19,68.88999938964844,69.30000305175781,68.56999969482422,68.68000030517578,67.80177307128906,3180700,MCHI
2021-11-22,68.5,68.70999908447266,67.58000183105469,67.94999694824219,67.08110809326172,3826400,MCHI
2021-11-23,67.8499984741211,68.30999755859375,67.19000244140625,67.48999786376953,66.62699127197266,4972600,MCHI
2021-11-24,67.20999908447266,67.76000213623047,66.87000274658203,67.73999786376953,66.87379455566406,3936700,MCHI
2021-11-26,66.13999938964844,66.36000061035156,65.45999908447266,65.9800033569336,65.13629913330078,4824100,MCHI
2021-11-29,66.06999969482422,66.0999984741211,65.29000091552734,65.56999969482422,64.7315444946289,5398700,MCHI
2021-11-30,65.58999633789062,65.87000274658203,64.55000305175781,65.20999908447266,64.37615203857422,6595700,MCHI
2021-12-01,65.93000030517578,66.3499984741211,64.75,64.75,63.922035217285156,6474500,MCHI
2021-12-02,65.20999908447266,65.91000366210938,64.29000091552734,64.94999694824219,64.11946868896484,8347500,MCHI
2021-12-03,64.56999969482422,64.72000122070312,62.68000030517578,63.09000015258789,62.28325653076172,10263200,MCHI
2021-12-06,62.84000015258789,64.19000244140625,62.41999816894531,64.12000274658203,63.300086975097656,6943500,MCHI
2021-12-07,65.31999969482422,65.58999633789062,65.05999755859375,65.33999633789062,64.50447845458984,5310400,MCHI
2021-12-08,65.45999908447266,66.26000213623047,65.1500015258789,65.94000244140625,65.09681701660156,6329100,MCHI
2021-12-09,66.05000305175781,66.62000274658203,65.70999908447266,65.9000015258789,65.05732727050781,3800000,MCHI
2021-12-10,65.73999786376953,66.11000061035156,65.55000305175781,65.9000015258789,65.05732727050781,8905400,MCHI
2021-12-13,64.94999694824219,65.01000213623047,63.95000076293945,64.3499984741211,63.99032211303711,4671700,MCHI
2021-12-14,63.400001525878906,64.30999755859375,63.400001525878906,64.16999816894531,63.81132888793945,5881700,MCHI
2021-12-15,63.0,63.13999938964844,61.709999084472656,62.65999984741211,62.30976867675781,6740300,MCHI
2021-12-16,63.43000030517578,63.97999954223633,62.709999084472656,62.83000183105469,62.47882080078125,5365700,MCHI
2021-12-17,61.65999984741211,62.439998626708984,61.2400016784668,62.09000015258789,61.742958068847656,4705500,MCHI
2021-12-20,60.91999816894531,61.02000045776367,60.33000183105469,60.70000076293945,60.36072540283203,5045200,MCHI
2021-12-21,61.45000076293945,62.61000061035156,61.29999923706055,62.540000915527344,62.1904411315918,4084900,MCHI
2021-12-22,61.97999954223633,62.34000015258789,61.54999923706055,62.31999969482422,61.97167205810547,3825700,MCHI
2021-12-23,62.290000915527344,62.939998626708984,62.0099983215332,62.72999954223633,62.37937927246094,2903800,MCHI
2021-12-27,62.279998779296875,63.18000030517578,62.16999816894531,62.52000045776367,62.170555114746094,3397000,MCHI
2021-12-28,62.130001068115234,62.2400016784668,61.75,61.880001068115234,61.53413009643555,3585600,MCHI
2021-12-29,61.220001220703125,61.40999984741211,60.5099983215332,60.959999084472656,60.61927032470703,3005700,MCHI
2021-12-30,61.13999938964844,63.5,61.0,63.150001525878906,62.79703140258789,6932100,MCHI
2021-12-31,63.0,63.52000045776367,62.630001068115234,62.77000045776367,62.41915512084961,4054200,MCHI
2022-01-03,62.65999984741211,62.880001068115234,61.84000015258789,62.7599983215332,62.409210205078125,4064700,MCHI
2022-01-04,62.27000045776367,62.27000045776367,61.27000045776367,61.59000015258789,61.245750427246094,7281500,MCHI
2022-01-05,60.63999938964844,61.58000183105469,60.189998626708984,60.20000076293945,59.863521575927734,8029400,MCHI
2022-01-06,60.41999816894531,61.38999938964844,60.220001220703125,61.02000045776367,60.67893600463867,8462600,MCHI
2022-01-07,61.56999969482422,62.41999816894531,61.4900016784668,61.9900016784668,61.643516540527344,8083600,MCHI
2022-01-10,62.279998779296875,62.5,61.54999923706055,62.130001068115234,61.78273391723633,8030700,MCHI
2022-01-11,62.459999084472656,63.810001373291016,62.22999954223633,63.79999923706055,63.443397521972656,8570600,MCHI
2022-01-12,65.0999984741211,65.33000183105469,64.58000183105469,65.18000030517578,64.81568908691406,8486600,MCHI
2022-01-13,64.2699966430664,64.27999877929688,63.150001525878906,63.20000076293945,62.84675216674805,8757300,MCHI
2022-01-14,63.40999984741211,63.939998626708984,63.13999938964844,63.68000030517578,63.32406997680664,4300800,MCHI
2022-01-18,62.470001220703125,63.31999969482422,62.20000076293945,62.880001068115234,62.528541564941406,8542600,MCHI
2022-01-19,63.439998626708984,63.70000076293945,63.08000183105469,63.189998626708984,62.83680725097656,5376300,MCHI
2022-01-20,65.51000213623047,66.05999755859375,64.70999908447266,64.83000183105469,64.46764373779297,7343600,MCHI
2022-01-21,64.77999877929688,64.83000183105469,63.40999984741211,63.52000045776367,63.16496276855469,4778400,MCHI
2022-01-24,62.61000061035156,62.779998779296875,61.25,62.61000061035156,62.26005172729492,8126300,MCHI
2022-01-25,62.099998474121094,62.75,61.84000015258789,62.34000015258789,61.99155807495117,5214400,MCHI
2022-01-26,62.810001373291016,62.83000183105469,61.130001068115234,61.18000030517578,60.838043212890625,5304600,MCHI
2022-01-27,60.790000915527344,60.84000015258789,59.93000030517578,59.95000076293945,59.61491775512695,5673400,MCHI
2022-01-28,59.47999954223633,59.810001373291016,58.709999084472656,59.810001373291016,59.47570037841797,4444900,MCHI
2022-01-31,60.709999084472656,62.70000076293945,60.66999816894531,62.599998474121094,62.25010299682617,5763700,MCHI
2022-02-01,62.869998931884766,63.11000061035156,62.209999084472656,62.9900016784668,62.6379280090332,5772000,MCHI
2022-02-02,63.41999816894531,63.41999816894531,61.97999954223633,62.45000076293945,62.10094451904297,4615200,MCHI
2022-02-03,61.970001220703125,62.560001373291016,61.65999984741211,62.029998779296875,61.68328857421875,5875700,MCHI
2022-02-04,61.88999938964844,62.70000076293945,61.66999816894531,62.400001525878906,62.05122375488281,7585100,MCHI
2022-02-07,62.09000015258789,62.29999923706055,61.7400016784668,61.970001220703125,61.623626708984375,5616000,MCHI
2022-02-08,61.68000030517578,62.709999084472656,61.599998474121094,62.65999984741211,62.30976867675781,5382900,MCHI
2022-02-09,63.22999954223633,64.04000091552734,63.11000061035156,64.04000091552734,63.68205642700195,4349500,MCHI
2022-02-10,63.29999923706055,64.4800033569336,63.15999984741211,63.5,63.145076751708984,7773600,MCHI
2022-02-11,63.33000183105469,63.63999938964844,62.060001373291016,62.220001220703125,61.872230529785156,6856800,MCHI
2022-02-14,61.93000030517578,62.060001373291016,61.34000015258789,61.7400016784668,61.39491271972656,5290600,MCHI
2022-02-15,62.439998626708984,63.189998626708984,62.38999938964844,63.15999984741211,62.806976318359375,4296500,MCHI
2022-02-16,63.029998779296875,63.619998931884766,62.720001220703125,63.25,62.8964729309082,5437300,MCHI
2022-02-17,63.189998626708984,63.66999816894531,62.58000183105469,62.7599983215332,62.409210205078125,5221000,MCHI
2022-02-18,62.150001525878906,62.150001525878906,61.20000076293945,61.56999969482422,61.225860595703125,6563800,MCHI
2022-02-22,60.060001373291016,60.52000045776367,59.599998474121094,59.91999816894531,59.5850830078125,5980000,MCHI
2022-02-23,60.43000030517578,60.470001220703125,59.150001525878906,59.27000045776367,58.938716888427734,4409100,MCHI
2022-02-24,56.630001068115234,58.9900016784668,56.630001068115234,58.959999084472656,58.63045120239258,8537800,MCHI
2022-02-25,58.72999954223633,59.310001373291016,58.029998779296875,59.27000045776367,58.938716888427734,6373300,MCHI
2022-02-28,58.22999954223633,58.95000076293945,58.130001068115234,58.61000061035156,58.28240966796875,8670000,MCHI
2022-03-01,58.5,59.279998779296875,58.349998474121094,58.59000015258789,58.26251983642578,4531900,MCHI
2022-03-02,58.59000015258789,58.59000015258789,57.540000915527344,58.15999984741211,57.834922790527344,4447100,MCHI
2022-03-03,57.79999923706055,57.90999984741211,56.54999923706055,56.630001068115234,56.3134765625,5702500,MCHI
2022-03-04,55.79999923706055,56.2599983215332,55.119998931884766,55.470001220703125,55.15995788574219,5480200,MCHI
2022-03-07,54.27000045776367,54.75,53.29999923706055,53.36000061035156,53.06175231933594,9935100,MCHI
2022-03-08,53.029998779296875,53.58000183105469,52.15999984741211,52.709999084472656,52.415382385253906,6787700,MCHI
2022-03-09,53.0099983215332,53.810001373291016,52.7400016784668,53.7400016784668,53.43962860107422,5066500,MCHI
2022-03-10,52.040000915527344,52.04999923706055,51.09000015258789,51.380001068115234,51.09281921386719,5610300,MCHI
2022-03-11,51.54999923706055,51.720001220703125,49.09000015258789,49.099998474121094,48.8255615234375,7009600,MCHI
2022-03-14,46.709999084472656,47.310001373291016,45.40999984741211,45.56999969482422,45.31529235839844,9771000,MCHI
2022-03-15,43.939998626708984,45.810001373291016,43.59000015258789,45.22999954223633,44.97719192504883,13852200,MCHI
2022-03-16,50.900001525878906,54.77000045776367,50.29999923706055,54.70000076293945,54.394264221191406,25402100,MCHI
2022-03-17,52.91999816894531,52.91999816894531,51.52000045776367,52.63999938964844,52.34577560424805,11296300,MCHI
2022-03-18,52.72999954223633,55.689998626708984,52.43000030517578,55.060001373291016,54.75225067138672,11023400,MCHI
2022-03-21,53.29999923706055,53.709999084472656,52.150001525878906,53.0,52.70376205444336,7318700,MCHI
2022-03-22,54.689998626708984,55.529998779296875,54.41999816894531,55.040000915527344,54.73236083984375,7449000,MCHI
2022-03-23,54.130001068115234,55.75,53.65999984741211,54.689998626708984,54.384315490722656,9578300,MCHI
2022-03-24,54.13999938964844,54.36000061035156,53.369998931884766,54.18000030517578,53.877166748046875,4996200,MCHI
2022-03-25,52.86000061035156,53.189998626708984,52.459999084472656,53.09000015258789,52.79326248168945,7741200,MCHI
2022-03-28,53.43000030517578,53.88999938964844,53.02000045776367,53.709999084472656,53.409793853759766,7063400,MCHI
2022-03-29,54.869998931884766,55.279998779296875,54.52000045776367,54.72999954223633,54.424095153808594,6270300,MCHI
2022-03-30,54.70000076293945,55.619998931884766,54.619998931884766,54.84000015258789,54.533477783203125,7363100,MCHI
2022-03-31,54.099998474121094,54.119998931884766,52.86000061035156,52.88999938964844,52.59437942504883,7191500,MCHI
2022-04-01,55.290000915527344,55.75,54.400001525878906,54.75,54.4439811706543,7358100,MCHI
2022-04-04,56.02000045776367,56.560001373291016,55.56999969482422,56.4900016784668,56.174259185791016,7039500,MCHI
2022-04-05,56.15999984741211,56.22999954223633,54.83000183105469,54.91999816894531,54.61302947998047,7947500,MCHI
2022-04-06,54.41999816894531,54.540000915527344,53.650001525878906,54.02000045776367,53.71806335449219,7034500,MCHI
2022-04-07,53.66999816894531,53.720001220703125,52.7599983215332,53.06999969482422,52.773372650146484,7805100,MCHI
2022-04-08,53.369998931884766,53.70000076293945,53.06999969482422,53.209999084472656,52.91259002685547,6575600,MCHI
2022-04-11,52.029998779296875,52.63999938964844,51.75,51.939998626708984,51.649688720703125,7080200,MCHI
2022-04-12,52.540000915527344,52.77000045776367,51.75,51.880001068115234,51.590023040771484,7016700,MCHI
2022-04-13,52.130001068115234,52.88999938964844,51.90999984741211,52.7400016784668,52.44521713256836,5486000,MCHI
2022-04-14,52.7400016784668,52.810001373291016,52.209999084472656,52.209999084472656,51.91817855834961,4299200,MCHI
2022-04-18,51.7400016784668,52.040000915527344,51.130001068115234,51.810001373291016,51.520416259765625,5457700,MCHI
2022-04-19,51.15999984741211,51.5099983215332,50.560001373291016,51.459999084472656,51.17237091064453,5139600,MCHI
2022-04-20,51.040000915527344,51.060001373291016,49.88999938964844,49.900001525878906,49.62109375,6499900,MCHI
2022-04-21,49.47999954223633,49.689998626708984,48.02000045776367,48.189998626708984,47.92064666748047,9068600,MCHI
2022-04-22,48.79999923706055,49.779998779296875,48.41999816894531,48.4900016784668,48.21897506713867,7805200,MCHI
2022-04-25,46.709999084472656,47.59000015258789,46.540000915527344,47.560001373291016,47.29417037963867,10316500,MCHI
2022-04-26,47.310001373291016,47.31999969482422,46.5,46.5,46.24009323120117,7848900,MCHI
2022-04-27,47.720001220703125,48.58000183105469,47.619998931884766,48.15999984741211,47.89081573486328,10182300,MCHI
2022-04-28,48.68000030517578,48.72999954223633,47.7400016784668,48.650001525878906,48.37807846069336,9053700,MCHI
2022-04-29,51.41999816894531,51.779998779296875,50.40999984741211,50.459999084472656,50.17795944213867,8894400,MCHI
2022-05-02,50.209999084472656,50.93000030517578,49.790000915527344,50.72999954223633,50.446449279785156,7650700,MCHI
2022-05-03,51.15999984741211,51.58000183105469,50.939998626708984,51.34000015258789,51.053043365478516,5607500,MCHI
2022-05-04,50.41999816894531,51.650001525878906,50.040000915527344,51.56999969482422,51.28175735473633,8076600,MCHI
2022-05-05,50.06999969482422,50.25,48.5,48.970001220703125,48.6962890625,6976700,MCHI
2022-05-06,48.380001068115234,48.470001220703125,47.349998474121094,47.52000045776367,47.25439453125,6663300,MCHI
2022-05-09,46.439998626708984,46.939998626708984,45.599998474121094,45.779998779296875,45.52411651611328,7080100,MCHI
2022-05-10,47.04999923706055,47.09000015258789,45.849998474121094,46.45000076293945,46.19037628173828,7989600,MCHI
2022-05-11,47.400001525878906,47.86000061035156,46.279998779296875,46.400001525878906,46.140655517578125,7296100,MCHI
2022-05-12,46.13999938964844,47.09000015258789,45.59000015258789,46.45000076293945,46.19037628173828,7825300,MCHI
2022-05-13,47.38999938964844,48.380001068115234,47.290000915527344,48.31999969482422,48.049922943115234,6738100,MCHI
2022-05-16,48.18000030517578,48.61000061035156,47.90999984741211,48.22999954223633,47.960426330566406,3768600,MCHI
2022-05-17,49.97999954223633,50.290000915527344,49.130001068115234,49.75,49.471927642822266,6708300,MCHI
2022-05-18,49.11000061035156,49.4900016784668,48.27000045776367,48.380001068115234,48.109588623046875,4198900,MCHI
2022-05-19,48.779998779296875,49.810001373291016,48.75,49.56999969482422,49.29293441772461,5614800,MCHI
2022-05-20,50.189998626708984,50.5,48.939998626708984,49.7400016784668,49.46198654174805,8578000,MCHI
2022-05-23,49.70000076293945,49.790000915527344,49.279998779296875,49.7599983215332,49.48187255859375,9497300,MCHI
2022-05-24,48.5099983215332,48.529998779296875,47.54999923706055,47.849998474121094,47.58254623413086,5059700,MCHI
2022-05-25,48.08000183105469,48.43000030517578,47.86000061035156,48.29999923706055,48.030033111572266,5252000,MCHI
2022-05-26,48.5,50.11000061035156,48.47999954223633,49.970001220703125,49.69070053100586,4507800,MCHI
2022-05-27,50.119998931884766,50.220001220703125,49.470001220703125,50.209999084472656,49.92935562133789,3705900,MCHI
2022-05-31,52.5,52.529998779296875,51.72999954223633,51.790000915527344,51.500526428222656,5564600,MCHI
2022-06-01,52.04999923706055,52.22999954223633,50.9900016784668,51.290000915527344,51.00332260131836,5433300,MCHI
2022-06-02,51.63999938964844,52.7400016784668,51.540000915527344,52.720001220703125,52.425331115722656,3891500,MCHI
2022-06-03,52.470001220703125,52.470001220703125,51.7599983215332,51.90999984741211,51.61985397338867,7120800,MCHI
2022-06-06,53.630001068115234,53.93000030517578,52.90999984741211,53.13999938964844,52.842979431152344,9634800,MCHI
2022-06-07,53.18000030517578,54.16999816894531,52.97999954223633,54.099998474121094,53.79761505126953,5846200,MCHI
2022-06-08,55.040000915527344,56.029998779296875,54.77000045776367,55.81999969482422,55.507999420166016,9869800,MCHI
2022-06-09,54.29999923706055,54.63999938964844,53.31999969482422,53.31999969482422,53.31999969482422,7112300,MCHI
2022-06-10,54.06999969482422,54.29999923706055,53.08000183105469,53.45000076293945,53.45000076293945,5760000,MCHI
2022-06-13,52.04999923706055,52.439998626708984,50.880001068115234,51.150001525878906,51.150001525878906,11384600,MCHI
2022-06-14,52.02000045776367,53.0099983215332,51.88999938964844,52.77000045776367,52.77000045776367,5581300,MCHI
2022-06-15,53.47999954223633,54.11000061035156,52.91999816894531,53.79999923706055,53.79999923706055,6722900,MCHI
2022-06-16,52.0,52.349998474121094,51.470001220703125,51.880001068115234,51.880001068115234,8916000,MCHI
2022-06-17,53.709999084472656,53.84000015258789,52.29999923706055,52.779998779296875,52.779998779296875,9535800,MCHI
2022-06-21,53.959999084472656,54.400001525878906,53.72999954223633,54.20000076293945,54.20000076293945,4974100,MCHI
2022-06-22,53.209999084472656,53.83000183105469,53.099998474121094,53.36000061035156,53.36000061035156,7296800,MCHI
2022-06-23,54.20000076293945,54.7599983215332,53.66999816894531,54.310001373291016,54.310001373291016,6715200,MCHI
2022-06-24,55.349998474121094,55.88999938964844,55.20000076293945,55.810001373291016,55.810001373291016,9490000,MCHI
2022-06-27,56.65999984741211,56.720001220703125,55.86000061035156,55.959999084472656,55.959999084472656,3645900,MCHI
2022-06-28,56.790000915527344,57.08000183105469,55.869998931884766,55.970001220703125,55.970001220703125,12642600,MCHI
2022-06-29,55.529998779296875,55.77000045776367,55.22999954223633,55.65999984741211,55.65999984741211,10368800,MCHI
2022-06-30,55.33000183105469,55.810001373291016,54.709999084472656,55.810001373291016,55.810001373291016,6830100,MCHI
2022-07-01,55.61000061035156,56.0,55.09000015258789,55.83000183105469,55.83000183105469,5773400,MCHI
2022-07-05,54.650001525878906,55.68000030517578,54.33000183105469,55.619998931884766,55.619998931884766,9887800,MCHI
2022-07-06,55.04999923706055,55.13999938964844,54.189998626708984,54.790000915527344,54.790000915527344,7464000,MCHI
2022-07-07,55.41999816894531,56.2599983215332,55.400001525878906,56.02000045776367,56.02000045776367,6054900,MCHI
2022-07-08,55.540000915527344,55.93000030517578,55.119998931884766,55.52000045776367,55.52000045776367,4812100,MCHI
2022-07-11,53.720001220703125,53.720001220703125,52.900001525878906,53.04999923706055,53.04999923706055,10709400,MCHI
2022-07-12,52.79999923706055,53.060001373291016,52.400001525878906,52.779998779296875,52.779998779296875,7591800,MCHI
2022-07-13,51.84000015258789,52.9900016784668,51.77000045776367,52.540000915527344,52.540000915527344,5223500,MCHI
2022-07-14,52.25,52.29999923706055,51.56999969482422,51.900001525878906,51.900001525878906,5568000,MCHI
2022-07-15,51.22999954223633,51.31999969482422,50.38999938964844,51.310001373291016,51.310001373291016,4988100,MCHI
2022-07-18,52.4900016784668,52.970001220703125,52.02000045776367,52.150001525878906,52.150001525878906,3035800,MCHI
2022-07-19,52.45000076293945,52.68000030517578,52.13999938964844,52.630001068115234,52.630001068115234,2855300,MCHI
2022-07-20,52.38999938964844,52.65999984741211,51.95000076293945,52.209999084472656,52.209999084472656,4598900,MCHI
2022-07-21,52.08000183105469,52.599998474121094,52.08000183105469,52.56999969482422,52.56999969482422,4782200,MCHI
2022-07-22,52.22999954223633,52.22999954223633,51.189998626708984,51.36000061035156,51.36000061035156,3909100,MCHI
2022-07-25,51.470001220703125,51.68000030517578,51.22999954223633,51.599998474121094,51.599998474121094,3619300,MCHI
2022-07-26,51.970001220703125,52.20000076293945,51.279998779296875,51.380001068115234,51.380001068115234,4279900,MCHI
2022-07-27,51.58000183105469,51.970001220703125,51.02000045776367,51.88999938964844,51.88999938964844,3839200,MCHI
2022-07-28,51.650001525878906,51.720001220703125,50.56999969482422,51.310001373291016,51.310001373291016,4346800,MCHI
2022-07-29,49.68000030517578,49.79999923706055,49.27000045776367,49.689998626708984,49.689998626708984,6680100,MCHI
2022-08-01,49.13999938964844,49.349998474121094,48.56999969482422,49.11000061035156,49.11000061035156,6965800,MCHI
2022-08-02,48.209999084472656,49.529998779296875,48.119998931884766,48.83000183105469,48.83000183105469,10898700,MCHI
2022-08-03,48.83000183105469,49.36000061035156,48.5,49.25,49.25,3761300,MCHI
2022-08-04,50.16999816894531,50.599998474121094,49.7599983215332,50.0,50.0,3510600,MCHI
2022-08-05,49.43000030517578,49.709999084472656,49.20000076293945,49.61000061035156,49.61000061035156,3103800,MCHI
2022-08-08,49.47999954223633,49.709999084472656,49.150001525878906,49.2400016784668,49.2400016784668,3392300,MCHI
2022-08-09,49.189998626708984,49.40999984741211,48.84000015258789,48.95000076293945,48.95000076293945,1918400,MCHI
2022-08-10,48.689998626708984,49.029998779296875,48.220001220703125,48.95000076293945,48.95000076293945,3476500,MCHI
2022-08-11,49.65999984741211,50.720001220703125,49.650001525878906,49.84000015258789,49.84000015258789,6143400,MCHI
2022-08-12,49.29999923706055,49.97999954223633,49.150001525878906,49.97999954223633,49.97999954223633,3757900,MCHI
2022-08-15,49.619998931884766,49.869998931884766,49.33000183105469,49.75,49.75,3507900,MCHI
2022-08-16,49.290000915527344,49.630001068115234,49.220001220703125,49.45000076293945,49.45000076293945,3171200,MCHI
2022-08-17,49.29999923706055,49.59000015258789,49.18000030517578,49.29999923706055,49.29999923706055,4349100,MCHI
2022-08-18,49.09000015258789,49.09000015258789,48.5,48.81999969482422,48.81999969482422,3438700,MCHI
2022-08-19,48.65999984741211,48.849998474121094,48.349998474121094,48.470001220703125,48.470001220703125,2024500,MCHI
2022-08-22,48.5099983215332,48.880001068115234,48.4900016784668,48.65999984741211,48.65999984741211,2633100,MCHI
2022-08-23,48.650001525878906,48.84000015258789,48.119998931884766,48.75,48.75,4784900,MCHI
2022-08-24,47.869998931884766,49.20000076293945,47.650001525878906,48.75,48.75,6425000,MCHI
2022-08-25,49.84000015258789,50.810001373291016,49.619998931884766,50.790000915527344,50.790000915527344,4284200,MCHI
2022-08-26,51.81999969482422,51.93000030517578,50.29999923706055,50.380001068115234,50.380001068115234,8153700,MCHI
2022-08-29,50.27000045776367,50.869998931884766,49.93000030517578,49.95000076293945,49.95000076293945,7296200,MCHI
2022-08-30,49.650001525878906,49.7599983215332,48.59000015258789,48.790000915527344,48.790000915527344,5177700,MCHI
2022-08-31,49.790000915527344,50.33000183105469,49.529998779296875,49.689998626708984,49.689998626708984,5880900,MCHI
2022-09-01,49.150001525878906,49.33000183105469,48.68000030517578,49.220001220703125,49.220001220703125,5208800,MCHI
2022-09-02,48.81999969482422,48.93000030517578,48.27000045776367,48.31999969482422,48.31999969482422,3178000,MCHI
2022-09-06,47.900001525878906,47.91999816894531,47.369998931884766,47.38999938964844,47.38999938964844,3567100,MCHI
2022-09-07,47.43000030517578,48.11000061035156,47.349998474121094,48.04999923706055,48.04999923706055,3858500,MCHI
2022-09-08,47.29999923706055,47.52000045776367,47.0099983215332,47.43000030517578,47.43000030517578,3110700,MCHI
2022-09-09,48.25,48.599998474121094,48.22999954223633,48.36000061035156,48.36000061035156,2615100,MCHI
2022-09-12,48.61000061035156,49.08000183105469,48.43000030517578,49.060001373291016,49.060001373291016,3795400,MCHI
2022-09-13,47.86000061035156,48.15999984741211,47.349998474121094,47.43000030517578,47.43000030517578,6516100,MCHI
2022-09-14,47.439998626708984,47.59000015258789,47.18000030517578,47.5099983215332,47.5099983215332,3784000,MCHI
2022-09-15,47.2400016784668,47.630001068115234,47.0099983215332,47.119998931884766,47.119998931884766,2999300,MCHI
2022-09-16,46.439998626708984,46.4900016784668,45.9900016784668,46.189998626708984,46.189998626708984,3569700,MCHI
2022-09-19,45.83000183105469,46.29999923706055,45.81999969482422,46.29999923706055,46.29999923706055,2632900,MCHI
2022-09-20,46.130001068115234,46.380001068115234,45.88999938964844,46.02000045776367,46.02000045776367,2771300,MCHI
2022-09-21,45.43000030517578,45.470001220703125,44.650001525878906,44.65999984741211,44.65999984741211,5910300,MCHI
2022-09-22,44.779998779296875,44.959999084472656,44.380001068115234,44.400001525878906,44.400001525878906,2633200,MCHI
2022-09-23,43.630001068115234,43.72999954223633,43.34000015258789,43.58000183105469,43.58000183105469,4648000,MCHI
2022-09-26,44.09000015258789,44.290000915527344,43.779998779296875,43.790000915527344,43.790000915527344,4799700,MCHI
2022-09-27,44.09000015258789,44.529998779296875,43.45000076293945,43.619998931884766,43.619998931884766,6612100,MCHI
2022-09-28,43.119998931884766,44.09000015258789,43.0,43.959999084472656,43.959999084472656,5736800,MCHI
2022-09-29,42.93000030517578,42.959999084472656,42.349998474121094,42.880001068115234,42.880001068115234,13591100,MCHI
2022-09-30,42.369998931884766,43.029998779296875,42.369998931884766,42.560001373291016,42.560001373291016,7496800,MCHI
2022-10-03,42.59000015258789,42.93000030517578,42.22999954223633,42.79999923706055,42.79999923706055,4384900,MCHI
2022-10-04,43.66999816894531,44.81999969482422,43.66999816894531,44.5099983215332,44.5099983215332,8652400,MCHI
2022-10-05,44.68000030517578,44.9900016784668,44.36000061035156,44.72999954223633,44.72999954223633,3551800,MCHI
2022-10-06,44.40999984741211,44.75,44.20000076293945,44.27000045776367,44.27000045776367,2388500,MCHI
2022-10-07,43.52000045776367,43.7400016784668,43.0,43.099998474121094,43.099998474121094,2848900,MCHI
2022-10-10,42.20000076293945,42.220001220703125,41.459999084472656,41.63999938964844,41.63999938964844,3039600,MCHI
2022-10-11,41.02000045776367,41.130001068115234,40.369998931884766,40.63999938964844,40.63999938964844,4599800,MCHI
2022-10-12,40.560001373291016,41.02000045776367,40.45000076293945,40.630001068115234,40.630001068115234,5221200,MCHI
2022-10-13,39.38999938964844,40.68000030517578,39.209999084472656,40.45000076293945,40.45000076293945,5174700,MCHI
2022-10-14,41.16999816894531,41.16999816894531,39.939998626708984,39.959999084472656,39.959999084472656,5510000,MCHI
